USPS	GEOID	ANSICODE	NAME	ALAND	AWATER	ALAND_SQMI	AWATER_SQMI	INTPTLAT	INTPTLONG                                                                                                               
OH	39001	01074014	Adams County	1512208934	6165939	583.867	2.381	38.834468	-83.478082                                                                                                                    
OH	39003	01074015	Allen County	1042470095	11266164	402.5	4.35	40.771627	-84.106103                                                                                                                      
OH	39005	01074016	Ashland County	1095444134	9962880	422.953	3.847	40.843273	-82.270127                                                                                                                  
OH	39007	01074017	Ashtabula County	1818360011	1724498213	702.073	665.833	41.906637	-80.745592                                                                                                           
OH	39009	01074018	Athens County	1304383737	12463875	503.625	4.812	39.332604	-82.045844                                                                                                                  
OH	39011	01074019	Auglaize County	1039603387	1345186	401.393	0.519	40.561309	-84.224018                                                                                                                 
OH	39013	01065575	Belmont County	1378212692	23682282	532.131	9.144	40.017682	-80.967727                                                                                                                 
OH	39015	01074020	Brown County	1269138602	8895019	490.017	3.434	38.931377	-83.866772                                                                                                                    
OH	39017	01074021	Butler County	1209498280	7863952	466.99	3.036	39.439747	-84.565734                                                                                                                    
OH	39019	01074022	Carroll County	1022030958	11192655	394.608	4.322	40.579884	-81.090787                                                                                                                 
OH	39021	01074023	Champaign County	1109624422	3638887	428.428	1.405	40.132775	-83.767604                                                                                                                
OH	39023	01074024	Clark County	1029475869	13070242	397.483	5.046	39.917032	-83.783676                                                                                                                   
OH	39025	01074025	Clermont County	1170958177	19831170	452.109	7.657	39.052084	-84.149614                                                                                                                
OH	39027	01074026	Clinton County	1058487159	9351754	408.684	3.611	39.429004	-83.795048                                                                                                                  
OH	39029	01074027	Columbiana County	1377680388	7255101	531.925	2.801	40.770073	-80.778455                                                                                                               
OH	39031	01074028	Coshocton County	1460530916	9243155	563.914	3.569	40.29671	-81.930109                                                                                                                 
OH	39033	01074029	Crawford County	1040619677	2359515	401.786	0.911	40.848524	-82.924783                                                                                                                 
OH	39035	01074030	Cuyahoga County	1184013873	2041890563	457.15	788.378	41.760392	-81.724217                                                                                                             
OH	39037	01074031	Darke County	1549071817	4245786	598.1	1.639	40.131542	-84.621248                                                                                                                      
OH	39039	01074032	Defiance County	1065649891	7073996	411.45	2.731	41.321679	-84.486433                                                                                                                  
OH	39041	01074033	Delaware County	1147867060	36610530	443.194	14.135	40.278941	-83.007462                                                                                                               
OH	39043	01074034	Erie County	651357083	969654879	251.49	374.386	41.554006	-82.525897                                                                                                                   
OH	39045	01074035	Fairfield County	1306421163	10746965	504.412	4.149	39.75262	-82.627329                                                                                                                
OH	39047	01074036	Fayette County	1052469899	1694037	406.361	0.654	39.555246	-83.461893                                                                                                                  
OH	39049	01074037	Franklin County	1378853105	29125601	532.378	11.245	39.969575	-83.006865                                                                                                               
OH	39051	01074038	Fulton County	1050092648	4621138	405.443	1.784	41.597264	-84.124267                                                                                                                   
OH	39053	01074039	Gallia County	1208307867	12085303	466.53	4.666	38.817046	-82.301746                                                                                                                   
OH	39055	01074040	Geauga County	1036429792	21045380	400.168	8.126	41.499322	-81.173505                                                                                                                  
OH	39057	01074041	Greene County	1071555583	6535068	413.73	2.523	39.687479	-83.894894                                                                                                                    
OH	39059	01074042	Guernsey County	1352631185	15666075	522.254	6.049	40.056665	-81.497875                                                                                                                
OH	39061	01074043	Hamilton County	1051353810	17350705	405.93	6.699	39.196927	-84.544187                                                                                                                 
OH	39063	01074044	Hancock County	1376210232	5959837	531.358	2.301	41.000471	-83.666034                                                                                                                  
OH	39065	01074045	Hardin County	1218342693	629922	470.405	0.243	40.660415	-83.664077                                                                                                                    
OH	39067	01074046	Harrison County	1042034970	21847164	402.332	8.435	40.292318	-81.091565                                                                                                                
OH	39069	01074047	Henry County	1077461474	9687645	416.01	3.74	41.331584	-84.0689                                                                                                                        
OH	39071	01074048	Highland County	1432479993	12194983	553.084	4.709	39.184422	-83.601359                                                                                                                
OH	39073	01074049	Hocking County	1091232274	5959003	421.327	2.301	39.490342	-82.483447                                                                                                                  
OH	39075	01074050	Holmes County	1094356029	3745075	422.533	1.446	40.565597	-81.930001                                                                                                                   
OH	39077	01074051	Huron County	1272965337	8615925	491.495	3.327	41.14508	-82.594641                                                                                                                     
OH	39079	01074052	Jackson County	1088598925	3167846	420.31	1.223	39.013477	-82.614142                                                                                                                   
OH	39081	01074053	Jefferson County	1057248945	7120755	408.206	2.749	40.399384	-80.763527                                                                                                                
OH	39083	01074054	Knox County	1361054324	10718576	525.506	4.138	40.40362	-82.422393                                                                                                                     
OH	39085	01074055	Lake County	593799763	1942309063	229.267	749.93	41.924116	-81.392643                                                                                                                  
OH	39087	01074056	Lawrence County	1174224653	10110033	453.371	3.904	38.603866	-82.517186                                                                                                                
OH	39089	01074057	Licking County	1767338086	12924074	682.373	4.99	40.091505	-82.483435                                                                                                                  
OH	39091	01074058	Logan County	1187337620	21597586	458.434	8.339	40.387553	-83.766343                                                                                                                   
OH	39093	01074059	Lorain County	1272272276	1119442372	491.227	432.219	41.438805	-82.179722                                                                                                              
OH	39095	01074060	Lucas County	883129493	660199684	340.978	254.905	41.682321	-83.468903                                                                                                                 
OH	39097	01074061	Madison County	1206646148	1919019	465.889	0.741	39.896607	-83.400885                                                                                                                  
OH	39099	01074062	Mahoning County	1065795297	35434368	411.506	13.681	41.01088	-80.770396                                                                                                                
OH	39101	01074063	Marion County	1045726876	908577	403.757	0.351	40.588034	-83.168803                                                                                                                    
OH	39103	01074064	Medina County	1091406463	4198457	421.394	1.621	41.116174	-81.899764                                                                                                                   
OH	39105	01074065	Meigs County	1113958478	7519824	430.102	2.903	39.089807	-82.028397                                                                                                                    
OH	39107	01074066	Mercer County	1197738404	28425902	462.449	10.975	40.535333	-84.632059                                                                                                                 
OH	39109	01074067	Miami County	1053028461	7967436	406.577	3.076	40.053326	-84.228413                                                                                                                    
OH	39111	01074068	Monroe County	1180317770	4495382	455.723	1.736	39.726253	-81.090987                                                                                                                   
OH	39113	01074069	Montgomery County	1195936288	6693457	461.754	2.584	39.753736	-84.290591                                                                                                               
OH	39115	01074070	Morgan County	1078539439	13873466	416.426	5.357	39.624946	-81.861697                                                                                                                  
OH	39117	01074071	Morrow County	1051881049	2819351	406.134	1.089	40.525266	-82.797729                                                                                                                   
OH	39119	01074072	Muskingum County	1721328762	20656658	664.609	7.976	39.966046	-81.943506                                                                                                               
OH	39121	01074073	Noble County	1030846457	16984489	398.012	6.558	39.767232	-81.452512                                                                                                                   
OH	39123	01074074	Ottawa County	660091271	855217016	254.863	330.201	41.545495	-83.012613                                                                                                                
OH	39125	01074075	Paulding County	1078561239	6245392	416.435	2.411	41.118948	-84.582125                                                                                                                 
OH	39127	01074076	Perry County	1056682426	11653682	407.987	4.5	39.743187	-82.237952                                                                                                                     
OH	39129	01074077	Pickaway County	1297966523	13998877	501.148	5.405	39.648947	-83.052827                                                                                                                
OH	39131	01074078	Pike County	1140324458	9567612	440.282	3.694	39.07136	-83.052909                                                                                                                      
OH	39133	01074079	Portage County	1262374971	43121843	487.406	16.649	41.168837	-81.197042                                                                                                                
OH	39135	01074080	Preble County	1098738405	6065437	424.225	2.342	39.73881	-84.644758                                                                                                                    
OH	39137	01074081	Putnam County	1249724511	4603965	482.521	1.778	41.024533	-84.129879                                                                                                                   
OH	39139	01074082	Richland County	1282720846	12470881	495.261	4.815	40.774159	-82.542781                                                                                                                
OH	39141	01074083	Ross County	1784986611	9938846	689.187	3.837	39.323818	-83.059581                                                                                                                     
OH	39143	01074084	Sandusky County	1057906601	23958602	408.46	9.25	41.355319	-83.142776                                                                                                                  
OH	39145	01074085	Scioto County	1580451539	15363856	610.216	5.932	38.814889	-82.998675                                                                                                                  
OH	39147	01074086	Seneca County	1427143576	4584953	551.023	1.77	41.119992	-83.127547                                                                                                                    
OH	39149	01074087	Shelby County	1055921780	7808224	407.694	3.015	40.33668	-84.204142                                                                                                                    
OH	39151	01065576	Stark County	1490043482	13657023	575.309	5.273	40.814131	-81.365667                                                                                                                   
OH	39153	01074088	Summit County	1069192868	18948340	412.818	7.316	41.121851	-81.534936                                                                                                                  
OH	39155	01074089	Trumbull County	1600938408	47766218	618.126	18.443	41.305911	-80.768701                                                                                                               
OH	39157	01074090	Tuscarawas County	1469659271	10390938	567.439	4.012	40.447448	-81.471157                                                                                                              
OH	39159	01074091	Union County	1118204745	13288624	431.741	5.131	40.295901	-83.367042                                                                                                                   
OH	39161	01074092	Van Wert County	1059698928	3281853	409.152	1.267	40.85552	-84.585775                                                                                                                  
OH	39163	01074093	Vinton County	1068008706	6781201	412.36	2.618	39.252042	-82.485961                                                                                                                    
OH	39165	01074094	Warren County	1039437339	15502922	401.329	5.986	39.425652	-84.169906                                                                                                                  
OH	39167	01074095	Washington County	1636799188	20784929	631.972	8.025	39.450684	-81.490653                                                                                                              
OH	39169	01074096	Wayne County	1437086621	5055679	554.862	1.952	40.829661	-81.887194                                                                                                                    
OH	39171	01074097	Williams County	1090296608	5507083	420.966	2.126	41.564958	-84.584323                                                                                                                 
OH	39173	01074098	Wood County	1598508447	8545541	617.188	3.299	41.360183	-83.622682                                                                                                                     
OH	39175	01074099	Wyandot County	1053773838	1783531	406.864	0.689	40.839782	-83.313681   