USPS	GEOID	ANSICODE	NAME	ALAND	AWATER	ALAND_SQMI	AWATER_SQMI	INTPTLAT	INTPTLONG                                                                                                               
PA	42001	01213656	Adams County	1343396471	7887889	518.688	3.046	39.869471	-77.21773                                                                                                                     
PA	42003	01213657	Allegheny County	1890889701	37411492	730.077	14.445	40.469757	-79.980451                                                                                                              
PA	42005	01213658	Armstrong County	1691718473	27625399	653.176	10.666	40.81238	-79.464129                                                                                                               
PA	42007	01214112	Beaver County	1125901161	24165972	434.713	9.331	40.68414	-80.350721                                                                                                                   
PA	42009	01209171	Bedford County	2621836594	11935889	1012.297	4.608	39.99862	-78.494751                                                                                                                 
PA	42011	01209172	Berks County	2218035729	24256617	856.388	9.366	40.413957	-75.92686                                                                                                                    
PA	42013	01213659	Blair County	1361815246	3285511	525.8	1.269	40.497922	-78.310636                                                                                                                      
PA	42015	01213660	Bradford County	2971750814	35275587	1147.399	13.62	41.791495	-76.502124                                                                                                               
PA	42017	01209173	Bucks County	1565408735	45201371	604.408	17.452	40.336887	-75.10706                                                                                                                   
PA	42019	01213661	Butler County	2042451307	15948099	788.595	6.158	40.913847	-79.918978                                                                                                                  
PA	42021	01213662	Cambria County	1782804173	13696237	688.345	5.288	40.510312	-78.710463                                                                                                                 
PA	42023	01213663	Cameron County	1026229553	5664041	396.229	2.187	41.438288	-78.198314                                                                                                                  
PA	42025	01213664	Carbon County	987977576	15349904	381.46	5.927	40.918366	-75.705039                                                                                                                    
PA	42027	01214720	Centre County	2874529780	8187277	1109.862	3.161	40.90916	-77.84783                                                                                                                    
PA	42029	01209174	Chester County	1943847580	22560875	750.524	8.711	39.973965	-75.749732                                                                                                                 
PA	42031	01210234	Clarion County	1556152465	23335885	600.834	9.01	41.198159	-79.420369                                                                                                                  
PA	42033	01209175	Clearfield County	2964714577	23932649	1144.683	9.24	41.000249	-78.473749                                                                                                              
PA	42035	01214721	Clinton County	2299868230	23178794	887.984	8.949	41.245301	-77.649141                                                                                                                 
PA	42037	01213665	Columbia County	1251240776	18266225	483.107	7.053	41.045517	-76.40426                                                                                                                 
PA	42039	01213666	Crawford County	2621846809	65303124	1012.301	25.214	41.687876	-80.107795                                                                                                              
PA	42041	01209176	Cumberland County	1412834149	12521844	545.498	4.835	40.164805	-77.263442                                                                                                              
PA	42043	01213667	Dauphin County	1359893289	85780786	525.058	33.12	40.412565	-76.792634                                                                                                                 
PA	42045	01209177	Delaware County	476088135	17572422	183.819	6.785	39.91667	-75.398786                                                                                                                  
PA	42047	01213668	Elk County	2142856032	12818644	827.361	4.949	41.427334	-78.653938                                                                                                                     
PA	42049	01209178	Erie County	2069615830	1966184465	799.083	759.148	42.117952	-80.096386                                                                                                                
PA	42051	01209179	Fayette County	2046968026	20644021	790.339	7.971	39.918907	-79.640119                                                                                                                 
PA	42053	01213669	Forest County	1106623935	8356610	427.27	3.227	41.513304	-79.249705                                                                                                                    
PA	42055	01213670	Franklin County	2000052118	1544300	772.224	0.596	39.926685	-77.724497                                                                                                                 
PA	42057	01213671	Fulton County	1133252798	1305486	437.551	0.504	39.91075	-78.122617                                                                                                                    
PA	42059	01214033	Greene County	1491700969	5253864	575.949	2.029	39.847707	-80.225655                                                                                                                   
PA	42061	01213672	Huntingdon County	2265337403	37851955	874.652	14.615	40.422311	-77.968595                                                                                                             
PA	42063	01213673	Indiana County	2142009116	18802621	827.034	7.26	40.651432	-79.087545                                                                                                                  
PA	42065	01213674	Jefferson County	1689784203	11321806	652.429	4.371	41.138028	-79.012419                                                                                                               
PA	42067	01209180	Juniata County	1013592887	5606074	391.35	2.165	40.530673	-77.400438                                                                                                                   
PA	42069	01213675	Lackawanna County	1188217624	15896171	458.773	6.138	41.440284	-75.609666                                                                                                              
PA	42071	01209181	Lancaster County	2444600820	103429249	943.866	39.934	40.041992	-76.250198                                                                                                             
PA	42073	01213676	Lawrence County	927644463	11783868	358.166	4.55	40.992735	-80.334446                                                                                                                  
PA	42075	01214034	Lebanon County	937138344	1727921	361.831	0.667	40.371559	-76.46487                                                                                                                    
PA	42077	01209182	Lehigh County	894010291	7898528	345.179	3.05	40.614241	-75.590627                                                                                                                     
PA	42079	01209183	Luzerne County	2305976986	41237262	890.343	15.922	41.172787	-75.976035                                                                                                                
PA	42081	01213677	Lycoming County	3182098644	39419361	1228.615	15.22	41.34362	-77.055225                                                                                                                
PA	42083	01210235	McKean County	2536105992	13010718	979.196	5.023	41.81459	-78.572463                                                                                                                   
PA	42085	01213678	Mercer County	1741978098	25963051	672.582	10.024	41.300014	-80.252786                                                                                                                 
PA	42087	01213679	Mifflin County	1064602238	9507398	411.045	3.671	40.601607	-77.651938                                                                                                                  
PA	42089	01209184	Monroe County	1575385119	22867226	608.26	8.829	41.05624	-75.329065                                                                                                                    
PA	42091	01213680	Montgomery County	1250824558	11016543	482.946	4.254	40.209999	-75.370201                                                                                                              
PA	42093	01213681	Montour County	337326240	5407948	130.242	2.088	41.029291	-76.665195                                                                                                                   
PA	42095	01209185	Northampton County	957324105	19452870	369.625	7.511	40.752791	-75.307447                                                                                                              
PA	42097	01209186	Northumberland County	1186219234	50572294	458.002	19.526	40.851524	-76.709877                                                                                                         
PA	42099	01213682	Perry County	1428244405	10589698	551.448	4.089	40.39778	-77.266328                                                                                                                    
PA	42101	01209187	Philadelphia County	347520038	22086063	134.178	8.527	40.009376	-75.133346                                                                                                             
PA	42103	01213683	Pike County	1411441329	56692145	544.961	21.889	41.325949	-75.031514                                                                                                                   
PA	42105	01213684	Potter County	2800612691	559779	1081.323	0.216	41.748587	-77.894436                                                                                                                   
PA	42107	01213685	Schuylkill County	2016645900	10834897	778.631	4.183	40.703682	-76.217788                                                                                                              
PA	42109	01213686	Snyder County	851544496	7157948	328.783	2.764	40.755407	-77.072929                                                                                                                    
PA	42111	01209188	Somerset County	2782597159	17002839	1074.367	6.565	39.981297	-79.028486                                                                                                               
PA	42113	01213687	Sullivan County	1165338399	6617028	449.94	2.555	41.439285	-76.511717                                                                                                                  
PA	42115	01213688	Susquehanna County	2132850304	22385627	823.498	8.643	41.819665	-75.800969                                                                                                             
PA	42117	01209189	Tioga County	2936469292	8257078	1133.777	3.188	41.766859	-77.257288                                                                                                                   
PA	42119	01213689	Union County	818323459	4639329	315.956	1.791	40.962179	-77.055475                                                                                                                     
PA	42121	01213690	Venango County	1746388722	22148538	674.284	8.552	41.40198	-79.754418                                                                                                                  
PA	42123	01213691	Warren County	2289914225	37352304	884.141	14.422	41.843669	-79.313173                                                                                                                 
PA	42125	01209190	Washington County	2219590653	10147672	856.989	3.918	40.200005	-80.252132                                                                                                              
PA	42127	01213692	Wayne County	1879249061	64832669	725.582	25.032	41.647007	-75.293193                                                                                                                  
PA	42129	01209191	Westmoreland County	2661370996	22050453	1027.561	8.514	40.311068	-79.466688                                                                                                           
PA	42131	01209192	Wyoming County	1029016039	20034376	397.305	7.735	41.525173	-76.008731                                                                                                                 
PA	42133	01209193	York County	2341882815	16941833	904.206	6.541	39.921751	-76.728889                                                                                                                    
