USPS	GEOID	ANSICODE	NAME	ALAND	AWATER	ALAND_SQMI	AWATER_SQMI	INTPTLAT	INTPTLONG                                                                                                               
VA	51001	01480091	Accomack County	1163743170	2229242744	449.324	860.715	37.765944	-75.757807                                                                                                            
VA	51003	01675170	Albemarle County	1866002205	14235728	720.468	5.496	38.024184	-78.553506                                                                                                               
VA	51005	01673675	Alleghany County	1156287826	8491488	446.445	3.279	37.787905	-80.008669                                                                                                                
VA	51007	01497770	Amelia County	920142764	8424800	355.269	3.253	37.331927	-77.977462                                                                                                                    
VA	51009	01480095	Amherst County	1227554626	12883346	473.962	4.974	37.62861	-79.154281                                                                                                                  
VA	51011	01497238	Appomattox County	865622497	3234361	334.219	1.249	37.370725	-78.81094                                                                                                                 
VA	51013	01480097	Arlington County	67362395	244142	26.009	0.094	38.878337	-77.100703                                                                                                                    
VA	51015	01480098	Augusta County	2504323820	9922311	966.925	3.831	38.171911	-79.147557                                                                                                                  
VA	51017	01673638	Bath County	1370626013	14039993	529.202	5.421	38.068368	-79.731203                                                                                                                    
VA	51019	01674818	Bedford County	1968605215	42120242	760.083	16.263	37.312223	-79.52708                                                                                                                 
VA	51021	01494613	Bland County	926272936	2585515	357.636	0.998	37.130612	-81.125853                                                                                                                     
VA	51023	01674418	Botetourt County	1401891585	12133615	541.273	4.685	37.565481	-79.797553                                                                                                               
VA	51025	01493961	Brunswick County	1466529494	8387116	566.23	3.238	36.764204	-77.861483                                                                                                                 
VA	51027	01497431	Buchanan County	1302387725	2803981	502.855	1.083	37.26812	-82.038151                                                                                                                  
VA	51029	01501502	Buckingham County	1501214582	9895206	579.622	3.821	37.573928	-78.529169                                                                                                               
VA	51031	01674917	Campbell County	1303240046	8955341	503.184	3.458	37.210152	-79.095428                                                                                                                 
VA	51033	01480107	Caroline County	1366471980	24948487	527.598	9.633	38.030319	-77.352348                                                                                                                
VA	51035	01480108	Carroll County	1229526812	7645484	474.723	2.952	36.731963	-80.727831                                                                                                                  
VA	51036	01480109	Charles City County	473494108	55492133	182.817	21.426	37.361054	-77.05417                                                                                                             
VA	51037	01492442	Charlotte County	1230994495	5824992	475.29	2.249	37.009042	-78.658568                                                                                                                 
VA	51041	01480111	Chesterfield County	1096572169	35123317	423.389	13.561	37.378434	-77.585847                                                                                                           
VA	51043	01690562	Clarke County	455661684	5693068	175.932	2.198	39.115381	-77.990836                                                                                                                    
VA	51045	01673664	Craig County	849759834	2803739	328.094	1.083	37.473603	-80.231051                                                                                                                     
VA	51047	01497831	Culpeper County	982079080	9015222	379.183	3.481	38.48593	-77.956476                                                                                                                   
VA	51049	01494109	Cumberland County	770511792	5931926	297.496	2.29	37.520189	-78.252836                                                                                                                 
VA	51051	01497376	Dickenson County	855845425	8097296	330.444	3.126	37.136701	-82.34922                                                                                                                  
VA	51053	01690739	Dinwiddie County	1305041272	9004891	503.879	3.477	37.073498	-77.635492                                                                                                                
VA	51057	01480118	Essex County	665909923	74784989	257.109	28.875	37.93948	-76.941871                                                                                                                    
VA	51059	01480119	Fairfax County	1012584627	40233137	390.961	15.534	38.82952	-77.273252                                                                                                                 
VA	51061	01480120	Fauquier County	1678273823	9687703	647.985	3.74	38.744094	-77.821479                                                                                                                  
VA	51063	01494354	Floyd County	986572574	2190750	380.918	0.846	36.931438	-80.350309                                                                                                                     
VA	51065	01494061	Fluvanna County	743630411	10746124	287.117	4.149	37.830571	-78.283479                                                                                                                 
VA	51067	01494434	Franklin County	1788431417	54655591	690.517	21.103	36.991182	-79.882715                                                                                                               
VA	51069	01480124	Frederick County	1069672126	6364651	413.003	2.457	39.203677	-78.263828                                                                                                                
VA	51071	01494551	Giles County	925206333	11233315	357.224	4.337	37.318072	-80.698321                                                                                                                    
VA	51073	01480126	Gloucester County	564117815	181754413	217.807	70.176	37.403541	-76.523505                                                                                                             
VA	51075	01674271	Goochland County	726830013	21963164	280.631	8.48	37.718814	-77.917626                                                                                                                 
VA	51077	01501196	Grayson County	1144219726	9792918	441.786	3.781	36.652229	-81.215324                                                                                                                  
VA	51079	01480129	Greene County	403788487	1756849	155.904	0.678	38.297981	-78.470163                                                                                                                    
VA	51081	01501122	Greensville County	764634553	4086108	295.227	1.578	36.680336	-77.560277                                                                                                               
VA	51083	01496705	Halifax County	2117910304	30527401	817.73	11.787	36.766461	-78.939614                                                                                                                 
VA	51085	01480132	Hanover County	1211828533	12648364	467.89	4.884	37.760215	-77.491317                                                                                                                  
VA	51087	01480133	Henrico County	605179949	28933034	233.661	11.171	37.631269	-77.651922                                                                                                                 
VA	51089	01502770	Henry County	990272714	5281696	382.346	2.039	36.781479	-79.759231                                                                                                                     
VA	51091	01673774	Highland County	1075253055	1805613	415.158	0.697	38.366243	-79.564472                                                                                                                 
VA	51093	01702378	Isle of Wight County	817464624	122256020	315.625	47.203	36.901418	-76.707569                                                                                                          
VA	51095	01480135	James City County	368881354	95089229	142.426	36.714	37.324837	-76.777888                                                                                                              
VA	51097	01480136	King and Queen County	816244563	28884077	315.154	11.152	37.714372	-76.901855                                                                                                          
VA	51099	01480137	King George County	465080763	21140635	179.569	8.162	38.277049	-77.162769                                                                                                              
VA	51101	01480138	King William County	709481149	31126025	273.932	12.018	37.70826	-77.091054                                                                                                             
VA	51103	01480139	Lancaster County	345240091	254112966	133.298	98.114	37.704843	-76.412663                                                                                                              
VA	51105	01496538	Lee County	1127622408	4896872	435.377	1.891	36.701721	-83.130112                                                                                                                      
VA	51107	01480141	Loudoun County	1335692947	14556679	515.714	5.62	39.0812	-77.638898                                                                                                                    
VA	51109	01494707	Louisa County	1284973900	37790617	496.131	14.591	37.972704	-77.959795                                                                                                                 
VA	51111	01492239	Lunenburg County	1118051114	1795027	431.682	0.693	36.946094	-78.241985                                                                                                                
VA	51113	01494590	Madison County	830426508	3228803	320.629	1.247	38.412059	-78.276961                                                                                                                   
VA	51115	01480145	Mathews County	222554152	430025572	85.929	166.034	37.425348	-76.268808                                                                                                                
VA	51117	01500747	Mecklenburg County	1619956537	139243978	625.469	53.762	36.687256	-78.368959                                                                                                           
VA	51119	01480147	Middlesex County	337507714	208357022	130.312	80.447	37.606975	-76.528082                                                                                                              
VA	51121	01674630	Montgomery County	1001920374	6291775	386.844	2.429	37.175534	-80.387791                                                                                                               
VA	51125	01500936	Nelson County	1219239663	8987274	470.751	3.47	37.789079	-78.88344                                                                                                                     
VA	51127	01480150	New Kent County	543990076	35597678	210.036	13.744	37.510158	-76.999326                                                                                                                
VA	51131	01480151	Northampton County	548282864	1511417329	211.693	583.562	37.302775	-75.924018                                                                                                          
VA	51133	01480152	Northumberland County	495728041	243986806	191.402	94.204	37.856974	-76.379687                                                                                                         
VA	51135	01493928	Nottoway County	814265581	4297829	314.39	1.659	37.141167	-78.053866                                                                                                                   
VA	51137	01494761	Orange County	883480537	6502589	341.114	2.511	38.250193	-78.009622                                                                                                                    
VA	51139	01500440	Page County	802893902	8425697	309.999	3.253	38.623201	-78.49188                                                                                                                       
VA	51141	01497999	Patrick County	1250846053	7142208	482.954	2.758	36.667138	-80.286413                                                                                                                  
VA	51143	01480157	Pittsylvania County	2509683753	23925747	968.994	9.238	36.821721	-79.398502                                                                                                            
VA	51145	01674225	Powhatan County	673915707	5449745	260.2	2.104	37.549404	-77.912855                                                                                                                    
VA	51147	01492359	Prince Edward County	906395961	10040117	349.961	3.877	37.224881	-78.432957                                                                                                            
VA	51149	01480160	Prince George County	686941559	43184612	265.23	16.674	37.187325	-77.220993                                                                                                            
VA	51153	01480161	Prince William County	869614721	30829977	335.76	11.904	38.701119	-77.479579                                                                                                           
VA	51155	01501465	Pulaski County	828377752	24877168	319.838	9.605	37.063385	-80.713444                                                                                                                  
VA	51157	01673976	Rappahannock County	689901003	2142395	266.372	0.827	38.684522	-78.168824                                                                                                              
VA	51159	01480164	Richmond County	495991737	64392325	191.503	24.862	37.942894	-76.730561                                                                                                                
VA	51161	01480165	Roanoke County	648883978	1762701	250.536	0.681	37.343588	-79.943996                                                                                                                   
VA	51163	01480166	Rockbridge County	1544997746	8878371	596.527	3.428	37.814517	-79.447754                                                                                                               
VA	51165	01488970	Rockingham County	2200698748	10892582	849.695	4.206	38.507585	-78.885321                                                                                                              
VA	51167	01497573	Russell County	1226378115	7588460	473.507	2.93	36.93342	-82.095934                                                                                                                    
VA	51169	01498172	Scott County	1387786118	8105331	535.827	3.129	36.712776	-82.613624                                                                                                                    
VA	51171	01673918	Shenandoah County	1315692012	9944281	507.992	3.84	38.856204	-78.573987                                                                                                                
VA	51173	01500545	Smyth County	1168992134	3519017	451.35	1.359	36.842318	-81.539786                                                                                                                     
VA	51175	01480171	Southampton County	1551752840	8247158	599.135	3.184	36.720173	-77.103856                                                                                                              
VA	51177	01480172	Spotsylvania County	1039771765	33231063	401.458	12.831	38.182431	-77.657226                                                                                                           
VA	51179	01480173	Stafford County	697237227	28088013	269.205	10.845	38.4154	-77.454878                                                                                                                  
VA	51181	01480174	Surry County	722475755	81216907	278.949	31.358	37.119761	-76.880172                                                                                                                   
VA	51183	01690257	Sussex County	1269664389	6755317	490.22	2.608	36.926645	-77.259732                                                                                                                    
VA	51185	01497748	Tazewell County	1343661925	2921369	518.791	1.128	37.125395	-81.562924                                                                                                                 
VA	51187	01674058	Warren County	555629182	8590279	214.53	3.317	38.908221	-78.207594                                                                                                                     
VA	51191	01498359	Washington County	1453385750	12998215	561.155	5.019	36.747831	-81.950316                                                                                                              
VA	51193	01480179	Westmoreland County	594054337	61106324	229.366	23.593	38.109311	-76.803933                                                                                                            
VA	51195	01496656	Wise County	1044884216	5284456	403.432	2.04	36.974561	-82.62156                                                                                                                       
VA	51197	01501379	Wythe County	1196367968	7310342	461.92	2.823	36.899873	-81.083005                                                                                                                     
VA	51199	01480182	York County	271042751	285421540	104.65	110.202	37.219081	-76.561648                                                                                                                   
VA	51510	01498415	Alexandria city	38679307	1070269	14.934	0.413	38.820071	-77.084063                                                                                                                    
VA	51520	01498416	Bristol city	33420181	322409	12.904	0.124	36.616954	-82.157564                                                                                                                        
VA	51530	01498417	Buena Vista city	16673676	219579	6.438	0.085	37.729345	-79.358134                                                                                                                     
VA	51540	01789068	Charlottesville city	26533566	47160	10.245	0.018	38.037658	-78.485381                                                                                                                 
VA	51550	01498558	Chesapeake city	876737781	32210024	338.51	12.436	36.679376	-76.301788                                                                                                                 
VA	51570	01498420	Colonial Heights city	19475234	766909	7.519	0.296	37.261685	-77.396804                                                                                                                
VA	51580	01789069	Covington city	14163308	522024	5.468	0.202	37.778143	-79.986039                                                                                                                       
VA	51590	01498421	Danville city	110751018	2434869	42.761	0.94	36.583334	-79.408071                                                                                                                      
VA	51595	01498422	Emporia city	17881071	165621	6.904	0.064	36.696182	-77.535975                                                                                                                         
VA	51600	01789070	Fairfax city	16156802	90056	6.238	0.035	38.853183	-77.299025                                                                                                                          
VA	51610	01498423	Falls Church city	5300264	32	2.046	0.	38.884722	-77.175603                                                                                                                            
VA	51620	01498424	Franklin city	21295844	369820	8.222	0.143	36.684014	-76.941396                                                                                                                        
VA	51630	01498425	Fredericksburg city	27067954	178255	10.451	0.069	38.299272	-77.486658                                                                                                                 
VA	51640	01498426	Galax city	21333585	103777	8.237	0.04	36.66564	-80.914308                                                                                                                             
VA	51650	01498554	Hampton city	133308912	219591270	51.471	84.785	37.04803	-76.297149                                                                                                                    
VA	51660	01498563	Harrisonburg city	44890270	149190	17.332	0.058	38.436255	-78.873303                                                                                                                   
VA	51670	01498428	Hopewell city	26668801	1324529	10.297	0.511	37.29101	-77.298944                                                                                                                       
VA	51678	01789071	Lexington city	6473002	67785	2.499	0.026	37.782332	-79.44432                                                                                                                          
VA	51680	01498429	Lynchburg city	126842531	1428787	48.974	0.552	37.399016	-79.195458                                                                                                                    
VA	51683	01498430	Manassas city	25508044	147721	9.849	0.057	38.747172	-77.484536                                                                                                                        
VA	51685	01498431	Manassas Park city	6538719	616	2.525	0.	38.768945	-77.448767                                                                                                                          
VA	51690	01789072	Martinsville city	28376605	133615	10.956	0.052	36.683527	-79.863647                                                                                                                   
VA	51700	01498555	Newport News city	178939602	131011289	69.089	50.584	37.076166	-76.521968                                                                                                              
VA	51710	01498557	Norfolk city	137985835	111697132	53.277	43.127	36.923015	-76.244641                                                                                                                   
VA	51720	01498434	Norton city	19366208	89336	7.477	0.034	36.931549	-82.625996                                                                                                                           
VA	51730	01498435	Petersburg city	58813627	609780	22.708	0.235	37.20473	-77.392368                                                                                                                      
VA	51735	01498436	Poquoson city	39839069	163454357	15.382	63.11	37.12836	-76.303534                                                                                                                     
VA	51740	01498556	Portsmouth city	86247836	34658655	33.3	13.382	36.859623	-76.356307                                                                                                                    
VA	51750	01498438	Radford city	25061300	858713	9.676	0.332	37.120119	-80.559147                                                                                                                         
VA	51760	01789073	Richmond city	155173777	6878090	59.913	2.656	37.531399	-77.476009                                                                                                                     
VA	51770	01498439	Roanoke city	110141450	865676	42.526	0.334	37.278458	-79.958174                                                                                                                       
VA	51775	01789074	Salem city	37599554	277514	14.517	0.107	37.285333	-80.055241                                                                                                                          
VA	51790	01789075	Staunton city	51593824	147694	19.92	0.057	38.158056	-79.061501                                                                                                                        
VA	51800	01498560	Suffolk city	1033802700	77061968	399.153	29.754	36.697157	-76.634781                                                                                                                  
VA	51810	01498559	Virginia Beach city	633823900	654692027	244.721	252.778	36.779985	-76.025209                                                                                                          
VA	51820	01498443	Waynesboro city	38724176	411928	14.951	0.159	38.067157	-78.90142                                                                                                                      
VA	51830	01789076	Williamsburg city	23155312	416904	8.94	0.161	37.269481	-76.708193                                                                                                                     
VA	51840	01789077	Winchester city	23809486	54462	9.193	0.021	39.173869	-78.176356        