USPS	GEOID	ANSICODE	NAME	ALAND	AWATER	ALAND_SQMI	AWATER_SQMI	INTPTLAT	INTPTLONG                                                                                                               
WV	54001	01696996	Barbour County	883338745	4639232	341.059	1.791	39.139725	-79.996947                                                                                                                   
WV	54003	01550008	Berkeley County	831766640	1061824	321.147	0.41	39.448054	-78.037776                                                                                                                   
WV	54005	01550009	Boone County	1298967373	4305976	501.534	1.663	38.022814	-81.713539                                                                                                                    
WV	54007	01550010	Braxton County	1322996693	14144661	510.812	5.461	38.699342	-80.731657                                                                                                                 
WV	54009	01558262	Brooke County	231034166	8714144	89.203	3.365	40.272645	-80.578691                                                                                                                     
WV	54011	01550012	Cabell County	727837364	18122707	281.02	6.997	38.419578	-82.243397                                                                                                                    
WV	54013	01696945	Calhoun County	723252434	3704539	279.249	1.43	38.844159	-81.115478                                                                                                                    
WV	54015	01550014	Clay County	885617251	4862445	341.939	1.877	38.459826	-81.081866                                                                                                                      
WV	54017	01689476	Doddridge County	828070519	1958441	319.72	0.756	39.26348	-80.701232                                                                                                                   
WV	54019	01560095	Fayette County	1713507808	17505425	661.589	6.759	38.030933	-81.086051                                                                                                                 
WV	54021	01689673	Gilmer County	876717634	4082111	338.503	1.576	38.915867	-80.849413                                                                                                                    
WV	54023	01697238	Grant County	1236390684	7545524	477.373	2.913	39.105988	-79.195064                                                                                                                    
WV	54025	01557518	Greenbrier County	2640889025	12578757	1019.653	4.857	37.924418	-80.45059                                                                                                              
WV	54027	01718644	Hampshire County	1658614732	10922070	640.395	4.217	39.312139	-78.611989                                                                                                               
WV	54029	01560574	Hancock County	213957146	13879326	82.609	5.359	40.516958	-80.570164                                                                                                                   
WV	54031	01718557	Hardy County	1508194693	5617193	582.317	2.169	39.011361	-78.841729                                                                                                                    
WV	54033	01718426	Harrison County	1077454921	1320319	416.008	0.51	39.279182	-80.386498                                                                                                                  
WV	54035	01559963	Jackson County	1202677932	18836099	464.357	7.273	38.834234	-81.677717                                                                                                                 
WV	54037	01550025	Jefferson County	543006589	5216623	209.656	2.014	39.307398	-77.86322                                                                                                                  
WV	54039	01550026	Kanawha County	2335215662	24056487	901.632	9.288	38.328068	-81.523516                                                                                                                 
WV	54041	01550027	Lewis County	1002071716	7108412	386.902	2.745	38.988877	-80.495477                                                                                                                    
WV	54043	01550028	Lincoln County	1131925075	4023478	437.039	1.553	38.17177	-82.077623                                                                                                                   
WV	54045	01550029	Logan County	1175209778	4830034	453.751	1.865	37.830591	-81.940853                                                                                                                    
WV	54047	01689162	McDowell County	1381646897	3733285	533.457	1.441	37.382663	-81.658205                                                                                                                 
WV	54049	01718173	Marion County	799642461	7186185	308.744	2.775	39.505839	-80.243402                                                                                                                    
WV	54051	01717539	Marshall County	791063503	17411500	305.431	6.723	39.854426	-80.671794                                                                                                                 
WV	54053	01560254	Mason County	1115633278	36174540	430.748	13.967	38.770914	-82.029007                                                                                                                  
WV	54055	01557645	Mercer County	1085113561	4434929	418.965	1.712	37.403448	-81.106456                                                                                                                   
WV	54057	01717890	Mineral County	849173054	3502975	327.868	1.353	39.404781	-78.95669                                                                                                                    
WV	54059	01550036	Mingo County	1095926624	2177833	423.14	0.841	37.721161	-82.158989                                                                                                                     
WV	54061	01550037	Monongalia County	932572493	15051916	360.068	5.812	39.633645	-80.059074                                                                                                               
WV	54063	01557702	Monroe County	1224426774	2297605	472.754	0.887	37.55034	-80.54789                                                                                                                     
WV	54065	01557950	Morgan County	593295476	1401570	229.073	0.541	39.555002	-78.257345                                                                                                                    
WV	54067	01550040	Nicholas County	1675296015	19608977	646.835	7.571	38.291416	-80.797516                                                                                                                
WV	54069	01717163	Ohio County	274098959	8274296	105.83	3.195	40.098932	-80.620728                                                                                                                       
WV	54071	01550042	Pendleton County	1802751454	5437237	696.046	2.099	38.67445	-79.340617                                                                                                                 
WV	54073	01678557	Pleasants County	337015703	11459910	130.122	4.425	39.368133	-81.161172                                                                                                                
WV	54075	01550044	Pocahontas County	2435322222	3978619	940.283	1.536	38.332606	-80.010121                                                                                                               
WV	54077	01558642	Preston County	1680406633	6681831	648.809	2.58	39.46903	-79.668865                                                                                                                    
WV	54079	01550046	Putnam County	895302287	12226982	345.678	4.721	38.510513	-81.906109                                                                                                                   
WV	54081	01550047	Raleigh County	1567866394	10334430	605.357	3.99	37.76247	-81.264671                                                                                                                   
WV	54083	01550048	Randolph County	2692810852	667359	1039.7	0.258	38.781095	-79.867788                                                                                                                   
WV	54085	01689049	Ritchie County	1170648844	4424610	451.99	1.708	39.177112	-81.066317                                                                                                                   
WV	54087	01550050	Roane County	1252422375	404682	483.563	0.156	38.743003	-81.354522                                                                                                                     
WV	54089	01557805	Summers County	933901529	18506801	360.581	7.146	37.656003	-80.856315                                                                                                                  
WV	54091	01689856	Taylor County	447475054	7532835	172.771	2.908	39.332478	-80.046554                                                                                                                    
WV	54093	01689423	Tucker County	1085094885	5528932	418.957	2.135	39.111175	-79.559968                                                                                                                   
WV	54095	01678706	Tyler County	663797704	11403003	256.294	4.403	39.465634	-80.877219                                                                                                                    
WV	54097	01696800	Upshur County	918506896	302703	354.638	0.117	38.902536	-80.231335                                                                                                                     
WV	54099	01550056	Wayne County	1310504124	15860720	505.988	6.124	38.145541	-82.419681                                                                                                                   
WV	54101	01550057	Webster County	1433477403	7148637	553.469	2.76	38.483459	-80.449052                                                                                                                   
WV	54103	01717836	Wetzel County	927380674	8458366	358.064	3.266	39.600602	-80.628157                                                                                                                    
WV	54105	01678877	Wirt County	602201080	5839706	232.511	2.255	39.020034	-81.382975                                                                                                                      
WV	54107	01560558	Wood County	948592039	27228519	366.253	10.513	39.211575	-81.516253                                                                                                                    
WV	54109	01550061	Wyoming County	1293580739	6123514	499.454	2.364	37.603717	-81.548884         