3,9,0,0,1
3,9,0,0,5
3,9,0,0,7
3,9,0,0,9
3,9,0,1,1
3,9,0,1,5
3,9,0,1,7
3,9,0,1,9
3,9,0,2,5
3,9,0,2,7
3,9,0,2,9
3,9,0,3,3
3,9,0,3,5
3,9,0,3,9
3,9,0,4,1
3,9,0,4,3
3,9,0,0,3
3,9,0,1,3
3,9,0,2,1
3,9,0,3,1
3,9,0,3,7
3,9,0,4,5
3,9,0,2,3
3,9,0,4,7
3,9,0,4,9
3,9,0,5,3
3,9,0,5,5
3,9,0,5,7
3,9,0,5,9
3,9,0,6,1
3,9,0,6,3
3,9,0,6,5
3,9,0,7,5
3,9,0,7,7
3,9,0,7,9
3,9,0,8,1
3,9,0,8,3
3,9,0,8,5
3,9,0,8,9
3,9,0,9,1
3,9,0,5,1
3,9,0,7,1
3,9,0,9,3
3,9,0,7,3
3,9,0,9,5
3,9,0,9,9
3,9,1,0,1
3,9,1,0,7
3,9,0,6,9
3,9,0,8,7
3,9,1,0,5
3,9,0,9,7
3,9,1,0,3
3,9,1,1,1
3,9,1,1,3
3,9,1,1,5
3,9,1,1,7
3,9,1,1,9
3,9,1,2,3
3,9,1,2,7
3,9,1,3,1
3,9,1,3,3
3,9,1,0,9
3,9,1,2,1
3,9,1,2,5
3,9,1,2,9
3,9,1,3,9
3,9,1,4,1
3,9,1,4,5
3,9,1,3,5
3,9,1,3,7
3,9,1,4,3
3,9,1,4,7
3,9,1,4,9
3,9,1,5,1
3,9,1,5,3
3,9,1,5,5
3,9,1,5,7
3,9,1,5,9
3,9,1,6,1
3,9,1,6,3
3,9,1,6,5
3,9,1,6,7
3,9,1,6,9
3,9,1,7,3
3,9,1,7,5
3,9,1,7,1
3,9,0,6,7
