39097,76.00177
39027,59.998962
39009,108.00043
39011,27.013672
39037,62.00122
39055,51.999756
39077,119.0
39059,42.028076
39085,810.97266
39021,57.000465
39117,23.000366
39095,461.9999
39099,388.0005
39173,91.01013
39153,219.00037
39135,44.999268
39045,263.99927
39145,246.45508
39073,24.999634
39137,0.0
39091,73.00012
39103,134.00024
39039,44.002197
39015,72.835205
39141,125.00006
39121,4.0009766
39065,85.999756
39151,17.00122
39155,249.00073
39043,167.00183
39163,5.0004883
39113,2462.5703
39129,150.99976
39105,35.004166
39035,2276.992
39079,73.998665
39125,2.999817
39119,27.015686
39007,182.00052
39069,0.9998779
39087,29.000488
39071,84.00073
39081,84.98135
39075,4.000244
39047,44.002106
39033,85.00061
39149,169.99957
39063,86.00098
39115,-0.29248047
39049,1190.0001
39019,3.0000153
39051,25.000061
39123,26.001953
39133,185.00018
39001,62.391357
39057,175.00049
39067,2.000122
39023,37.999954
39107,104.013916
39061,3458.0002
39109,110.98218
39083,49.011047
39029,141.00049
39167,90.961914
39169,101.586426
39127,14.005981
39175,14.001343
39041,166.96179
39131,42.0
39147,77.96069
39005,111.999756
39031,32.984253
39013,55.000404
39159,33.47119
39101,178.00098
39089,195.99957
39161,25.001709
39003,168.00018
39171,4.000168
39053,56.956055
39165,269.0
39111,9.001465
39143,50.000244
39093,31.0
39017,684.00024
39157,33.996643
39025,235.83069
39139,137.00049
