39097,65.000305
39027,87.001526
39009,108.0
39011,61.981934
39037,21.000916
39055,12.000366
39077,106.000244
39059,10.968384
39085,489.03467
39021,29.000252
39117,20.000122
39095,423.99966
39099,336.00037
39173,76.98773
39153,148.00049
39135,19.000732
39045,209.00024
39145,198.89087
39073,23.000122
39137,0.0
39091,64.00015
39103,100.000244
39039,12.0008545
39015,26.205353
39141,65.00073
39121,0.00048828125
39065,128.99854
39151,24.999878
39155,254.99976
39043,107.00049
39163,10.999023
39113,1968.2968
39129,104.0011
39105,22.994202
39035,1877.0114
39079,59.0004
39125,1.0001221
39119,7.98114
39007,157.99985
39069,5.999939
39087,2.0003662
39071,58.00064
39081,59.024307
39075,1.0001831
39047,29.000488
39033,62.00055
39149,80.00189
39063,58.00049
39115,4.3601074
39049,777.00024
39019,7.99984
39051,17.000244
39123,12.001465
39133,109.00049
39001,116.10596
39057,136.0
39067,0.00024414062
39023,5.0002136
39107,66.98193
39061,3291.0002
39109,76.022644
39083,33.986145
39029,68.00073
39167,56.04663
39169,44.277344
39127,18.992554
39175,1.0002441
39041,124.04736
39131,12.000946
39147,19.051147
39005,76.00061
39031,26.018555
39013,26.000446
39159,78.19678
39101,83.00098
39089,278.99957
39161,51.998627
39003,78.00073
39171,0.0002593994
39053,16.05835
39165,221.99976
39111,5.000244
39143,17.00061
39093,11.0
39017,495.0005
39157,22.004639
39025,255.20917
39139,104.000244
