39097,69.99988
39027,64.999084
39009,91.000244
39011,22.009888
39037,31.00003
39055,8.999878
39077,83.00049
39059,7.016968
39085,396.9839
39021,36.99997
39117,13.000183
39095,301.00052
39099,372.99963
39173,59.006348
39153,115.00049
39135,11.000122
39045,149.00037
39145,39.061035
39073,15.000305
39137,-0.00012207031
39091,38.00061
39103,90.0
39039,22.999878
39015,28.8974
39141,87.999725
39121,-0.00024414062
39065,107.00061
39151,140.99976
39155,182.00024
39043,78.00049
39163,3.0007324
39113,1593.3594
39129,45.000854
39105,13.003555
39035,536.99554
39079,50.000248
39125,6.9996643
39119,6.010437
39007,50.00122
39069,7.999939
39087,2.0
39071,119.998535
39081,26.988441
39075,1.0002441
39047,24.000183
39033,20.000946
39149,48.00067
39063,34.00049
39115,5.8151855
39049,697.0
39019,4.000183
39051,17.99997
39123,19.000732
39133,52.000305
39001,60.81665
39057,96.000244
39067,0.0
39023,7.0
39107,94.00897
39061,2248.0012
39109,71.98926
39083,7.0075684
39029,51.000122
39167,35.976776
39169,52.366943
39127,23.00354
39175,1.0000305
39041,549.97327
39131,10.0000305
39147,22.97461
39005,56.000366
39031,10.988892
39013,8.000217
39159,67.892334
39101,61.000244
39089,483.99884
39161,33.001007
39003,62.99994
39171,6.1035156e-05
39053,4.971924
39165,187.00073
39111,5.999878
39143,3.0003662
39093,21.0
39017,235.00073
39157,18.998474
39025,270.89374
39139,96.00012
