39097,41.00067
39027,68.0004
39009,72.000305
39011,34.99646
39037,20.000366
39055,6.0
39077,38.000732
39059,13.99353
39085,193.00684
39021,37.000042
39117,12.999939
39095,332.99976
39099,358.00024
39173,41.99762
39153,112.000305
39135,13.0
39045,185.99976
39145,17.361694
39073,13.0
39137,3.999817
39091,38.0
39103,92.0
39039,24.000183
39015,14.039734
39141,44.00058
39121,0.0
39065,112.99982
39151,78.00037
39155,122.00049
39043,30.00055
39163,4.9995117
39113,1264.8606
39129,42.000122
39105,2.9990845
39035,462.00226
39079,35.000427
39125,6.0000916
39119,0.9958801
39007,26.000153
39069,3.000122
39087,4.000122
39071,92.00067
39081,13.005119
39075,5.000061
39047,8.000595
39033,47.9993
39149,38.000443
39063,32.000122
39115,10.070923
39049,327.00034
39019,0.00015258789
39051,5.0003357
39123,4.0012207
39133,93.999695
39001,50.671753
39057,88.00012
39067,0.0
39023,25.9999
39107,27.997955
39061,1917.0004
39109,56.004913
39083,0.9970093
39029,34.000122
39167,34.009064
39169,42.857666
39127,65.997375
39175,1.999939
39041,1123.0061
39131,6.0
39147,24.009766
39005,81.99951
39031,0.0048828125
39013,0.00016784668
39159,32.6593
39101,61.0
39089,175.0018
39161,47.999374
39003,43.000214
39171,1.0000076
39053,8.01123
39165,133.00012
39111,0.00036621094
39143,7.000122
39093,14.0
39017,223.0
39157,9.001251
39025,167.04218
39139,101.0
