39057,136.0002
39043,107.000854
39081,59.000656
39121,0.0002593994
39109,76.08063
39117,20.000137
39027,86.99927
39025,255.00012
39003,77.96413
39075,0.99998474
39051,17.000198
39073,22.999786
39137,-0.00012207031
39077,106.00026
39093,11.000748
39125,1.0001221
39141,65.00072
39029,68.00693
39065,128.9986
39013,26.000732
39083,34.000458
39037,21.000854
39039,12.000977
39063,58.000397
39145,197.00061
39031,26.000298
39173,77.00037
39119,8.024765
39169,45.0011
39009,108.439804
39167,56.00061
39165,222.00024
39053,16.000885
39035,1877.0005
39097,65.00021
39123,12.002029
39095,424.00018
39135,19.000591
39069,5.999756
39085,489.00137
39047,29.000336
39099,336.00058
39067,0.00015258789
39023,5.000366
39153,147.94453
39113,1969.001
39171,0.00018310547
39131,12.000961
39079,59.00081
39017,495.00443
39005,76.00084
39127,18.999702
39049,777.0002
39157,21.999115
39139,104.00009
39007,156.92682
39159,79.999115
39133,109.00024
39107,67.00114
39105,23.000488
39021,29.000957
39143,16.403854
39161,51.9991
39175,1.0006332
39163,10.999504
39149,80.001755
39129,104.00078
39015,26.00093
39045,209.00027
39091,64.272644
39071,58.000565
39061,3291.0002
39019,7.999939
39089,279.00012
39059,11.000977
39103,100.0002
39155,255.0007
39147,19.00029
39111,5.000168
39101,83.00162
39087,2.0002441
39001,114.99814
39011,61.999283
39151,25.00064
39055,12.000702
39115,3.9989014
39041,124.00104
39033,62.000576
