39057,96.000015
39043,78.00055
39081,27.000565
39121,6.1035156e-05
39109,71.95749
39117,13.000153
39027,65.00072
39025,270.9995
39003,63.019073
39075,1.0
39051,18.00003
39073,15.000061
39137,-3.0517578e-05
39077,83.00046
39093,20.999733
39125,6.9997253
39141,87.99968
39029,50.996826
39065,107.00064
39013,8.000107
39083,7.0001373
39037,30.999847
39039,22.999886
39063,34.000267
39145,40.002014
39031,11.000492
39173,59.000107
39119,5.9878387
39169,51.999878
39009,91.324234
39167,36.00032
39165,187.00015
39053,5.0006104
39035,537.0014
39097,69.99988
39123,18.999313
39095,301.00018
39135,11.000166
39069,7.9999084
39085,397.00043
39047,23.999779
39099,372.99976
39067,1.5258789e-05
39023,6.999878
39153,115.02848
39113,1593.0007
39171,0.00010681152
39131,10.000107
39079,50.000076
39017,234.99864
39005,56.000374
39127,22.999939
39049,697.0001
39157,18.99945
39139,96.00003
39007,50.54768
39159,67.0004
39133,52.000282
39107,93.99965
39105,13.000626
39021,36.99959
39143,3.3048935
39161,33.000633
39175,1.0002174
39163,3.0005684
39149,48.00064
39129,45.001022
39015,29.00003
39045,149.0004
39091,37.862335
39071,119.99858
39061,2248.0012
39019,4.0000305
39089,483.99866
39059,6.9999084
39103,90.00009
39155,182.00052
39147,22.999207
39111,5.999916
39101,61.000175
39087,1.9998627
39001,60.002205
39011,22.000946
39151,140.99954
39055,9.000366
39115,6.0004044
39041,549.9983
39033,20.00102
