39057,174.99997
39043,167.00153
39081,85.00015
39121,4.000702
39109,110.93576
39117,23.000427
39027,60.000977
39025,236.00076
39003,168.03091
39075,4.000061
39051,25.0
39073,24.999695
39137,6.1035156e-05
39077,119.00013
39093,30.999725
39125,3.000122
39141,125.0004
39029,140.99521
39065,85.99979
39013,55.00009
39083,48.99951
39037,62.000854
39039,44.002583
39063,86.000595
39145,247.99911
39031,33.000122
39173,91.00073
39119,26.98108
39169,100.99985
39009,108.552185
39167,90.99956
39165,268.99982
39053,57.00226
39035,2277.0002
39097,76.00171
39123,25.99871
39095,461.99957
39135,44.99945
39069,1.0002289
39085,810.9995
39047,44.002045
39099,388.00015
39067,2.000061
39023,37.999817
39153,219.04497
39113,2462.0
39171,4.0002136
39131,41.999847
39079,73.99866
39017,683.9972
39005,111.99991
39127,14.0005
39049,1190.0002
39157,33.998688
39139,137.0007
39007,182.87067
39159,31.999714
39133,185.00023
39107,103.998825
39105,34.999176
39021,56.999878
39143,50.48346
39161,25.00055
39175,14.001694
39163,4.999855
39149,169.99916
39129,150.99998
39015,72.999985
39045,263.9991
39091,72.77985
39071,84.00078
39061,3458.0002
39019,2.9997864
39089,195.99904
39059,42.000946
39103,134.00024
39155,249.00102
39147,77.99997
39111,9.00148
39101,178.00049
39087,28.999924
39001,61.001175
39011,26.999939
39151,17.000702
39055,52.00061
39115,0.0006275177
39041,167.0014
39033,85.000595
