39057,88.00003
39043,30.000671
39081,13.000244
39121,7.6293945e-05
39109,56.01718
39117,13.000046
39027,67.99987
39025,167.00063
39003,42.992523
39075,4.999939
39051,5.000244
39073,12.999771
39137,3.9997864
39077,38.00076
39093,13.999863
39125,6.000061
39141,44.000504
39029,34.001114
39065,112.99979
39013,0.00020599365
39083,1.0001831
39037,20.000214
39039,24.000076
39063,32.000145
39145,17.00016
39031,0.00025177002
39173,42.000183
39119,1.0051651
39169,43.000076
39009,72.266266
39167,33.999954
39165,133.0002
39053,7.999695
39035,462.00006
39097,41.0007
39123,4.00058
39095,332.99997
39135,13.0
39069,3.0001144
39085,193.00092
39047,8.000275
39099,358.0005
39067,-3.8146973e-05
39023,25.999878
39153,111.988914
39113,1265.0006
39171,1.0002747
39131,6.000061
39079,35.000656
39017,223.00095
39005,81.999596
39127,65.998764
39049,327.0004
39157,8.999619
39139,101.0
39007,25.786903
39159,33.000732
39133,93.99968
39107,28.00177
39105,3.0004883
39021,37.00006
39143,6.880989
39161,47.999504
39175,1.9998207
39163,4.9998207
39149,38.000282
39129,42.000046
39015,14.000309
39045,185.99976
39091,38.053726
39071,92.00061
39061,1917.0004
39019,0.0002593994
39089,175.0022
39059,13.999817
39103,92.00012
39155,122.00042
39147,23.99916
39111,0.0004272461
39101,61.000046
39087,3.9997787
39001,50.000454
39011,34.9998
39151,78.00029
39055,6.000351
39115,9.999573
39041,1122.9971
39033,47.999344
