39159,26.087383
39081,100.07359
39099,577.0013
39123,23.012508
39025,292.016
39087,95.97348
39047,83.97934
39071,153.97462
39113,2220.9434
39175,29.04206
39143,67.04563
39031,21.031853
39015,122.030365
39009,105.98877
39003,219.07463
39083,31.04792
39055,83.07781
39075,7.992836
39111,17.15603
39107,62.073837
39039,164.03136
39091,61.05266
39011,57.159496
39067,11.04337
39037,110.052055
39169,127.11416
39137,5.1245327
39105,14.025133
39163,24.09367
39101,286.99713
39149,142.0521
39021,95.051575
39129,83.0141
39153,260.0347
39027,103.02506
39119,48.002235
39125,15.011059
39013,108.18715
39157,31.997314
39085,1065.0441
39023,119.00235
39073,20.003027
39035,2770.9922
39061,4166.981
39007,305.9562
39045,276.97775
39089,167.07812
39001,95.08021
39117,33.099464
39057,292.10446
39133,222.95415
39043,278.02274
39033,117.000305
39065,87.04704
39051,14.078567
39161,41.162838
39041,215.96503
39079,68.977
39095,518.0352
39155,396.07864
39063,200.02039
39019,0.05007553
39005,215.06346
39151,385.0744
39147,121.991135
39167,85.0048
39171,3.9763355
39093,476.0841
39077,161.05746
39059,158.12708
39131,56.13937
39069,10.944449
39121,15.98889
39139,225.11461
39097,93.954056
39029,203.07907
39135,21.096354
39053,171.07536
39115,0.96487427
39109,141.01778
39141,137.98671
39173,66.06973
39127,46.0585
39145,206.96835
39165,219.97417
39017,708.1422
39103,177.10149
39049,1685.0865
