54007,0.007369995
54083,0.007080078
54011,128.99402
54099,0.0014190674
54087,0.01222229
54047,-0.0018310547
54107,3.9996338
54067,3.9915695
54027,6.0059814
54023,0.013065338
54029,0.98410034
54001,-0.00091552734
54017,-0.010650635
54065,23.999146
54037,3.000801
54063,0.0073394775
54085,0.004547119
54071,0.0053138733
54035,29.006348
54041,3.9979248
54025,-0.012294769
54081,19.992836
54057,13.007446
54105,0.011459351
54075,0.007461548
54077,3.0020828
54097,11.0086975
54019,6.012329
54013,0.01473999
54095,11.014557
54093,0.0021438599
54089,8.99913
54033,15.002029
54091,0.99739075
54103,18.988602
54009,4.995758
54069,64.99753
54109,-0.0011291504
54005,-0.0034942627
54049,64.00615
54031,4.992264
54021,4.0073853
54061,7.011841
54051,11.005203
54045,0.007797241
54055,8.993477
54059,0.019889832
54073,1.0073318
54015,-0.0032730103
54053,0.98410034
54039,247.00021
54101,0.0060577393
54079,7.990982
54003,209.98894
54043,0.013809204
21061,-0.0012512207
21147,0.9897766
21179,0.011871338
21009,3.003952
21165,-0.009262085
21213,0.0057144165
21105,0.013549805
21207,-0.012542725
21081,3.9927063
21101,0.98773193
21019,40.004814
21187,1.9972839
21175,-0.00982666
21063,0.009033203
21133,-0.012813568
21017,0.99746704
21149,-0.011932373
21135,0.011062622
21115,-0.015487671
21117,242.00473
21119,0.011909485
21201,0.010101318
21077,-0.005027771
21087,0.0082798
21013,0.013687134
21055,0.007446289
21209,0.007080078
21021,0.9944458
21003,0.014266968
21109,0.011108398
21043,-0.010650635
21057,0.00012207031
21037,155.99686
21095,0.0032043457
21097,0.99304867
21041,23.01117
21183,-0.0041503906
21193,0.011962891
21227,0.06815338
21015,55.005768
21085,0.0031280518
21005,-0.0048828125
21141,0.0016403198
21177,2.985733
21195,-0.00064086914
21157,0.00091552734
21113,-0.00390625
21071,2.992981
21053,0.0040893555
21127,-0.0045928955
21185,9.013031
21153,-0.0020370483
21235,1.0012054
21239,1.0062714
21083,-0.008102417
21035,0.0128479
21211,0.0030975342
21029,3.995163
21011,0.007369995
21231,1.9876251
21163,-0.0032653809
21123,-0.0063476562
21125,2.0111618
21145,5.001297
21199,3.0095673
21069,0.008407593
21091,-0.0036697388
21197,0.004447937
21159,2.0118256
21129,0.0064086914
21181,0.0055236816
21031,0.017608643
21079,-0.0026550293
21049,5.993431
21139,0.00010681152
21137,1.9867401
21023,3.004776
21047,1.9981384
21111,237.98602
21191,19.014793
21059,0.0077819824
21103,-0.0037231445
21205,1.0060844
21067,22.989609
21025,0.003479004
21039,0.013763428
21219,0.00017547607
21229,0.009643555
21027,0.00793457
21033,-0.00680542
21217,0.009399414
21225,0.0105896
21237,-0.011795044
21203,1.0023346
21099,0.9875946
21131,-0.0035705566
21215,-0.004211426
21233,-0.0067749023
21155,1.0065765
21089,0.9993801
21075,-0.001613617
21173,12.006943
21121,1.0190277
21223,0.009254456
21171,-0.0017089844
21045,2.006195
21107,1.9918556
21189,-0.006690979
21093,2.001686
21167,0.011871338
21001,-0.012832642
21065,0.006450653
21221,-0.0013427734
21073,3.0121765
21051,-0.014862061
21161,11.0
21143,-0.0064697266
21007,-0.007331848
21169,-0.0069236755
21151,2.9914703
42115,10.999863
42007,103.98284
42127,21.01159
42119,5.004135
42075,40.007996
42047,0.9979553
42037,50.98648
42103,23.98256
42097,24.996994
42093,10.994171
42003,2298.0078
42039,8.008423
42063,86.99028
42077,349.9985
42009,27.976242
42001,19.994827
42065,56.00097
42057,6.9923706
42017,820.99286
42021,73.99098
42031,32.993134
42061,34.00676
42109,7.0105934
42079,368.995
42033,11.050961
42069,375.9837
42025,32.995056
42071,359.00653
42051,115.0133
42067,1.9808311
42041,14.007294
42113,2.0075684
42019,80.00404
42023,-0.007888794
42095,233.99013
42111,45.98752
42125,89.009155
42117,4.015373
42099,23.009872
42043,204.98993
42059,40.022537
42123,6.9869385
42085,32.01619
42049,102.99742
42083,2.9925232
42027,11.991291
42005,85.97635
42129,270.01016
42053,4.9906616
42091,58.987793
42011,242.98859
42131,16.99057
42089,78.99819
42045,460.99396
42107,77.99289
42035,1.9981155
42013,50.00583
42073,7.993286
42133,316.9931
42029,126.0021
42015,17.989845
42081,87.997925
42055,26.00122
42101,3507.9932
42105,3.002594
42121,17.004822
42087,4.99086
51073,2.9933395
51720,-0.011306763
51183,4.010803
51770,57.007935
51580,-0.017213821
51790,-0.009750366
51139,-0.0076293945
51620,-0.013473511
51820,0.014984131
51041,97.9863
51083,0.0011138916
51037,1.0168076
51023,12.00705
51101,1.9209595
51127,7.0061874
51683,-0.007446289
51019,3.9911575
51610,0.0028305054
51065,-0.012878418
51530,0.0010375977
51036,0.008758545
51097,0.010284424
51600,-0.0013427734
51011,-0.00064849854
51071,-0.0020599365
51175,7.0079346
51760,0.010055542
51145,1.0145569
51750,0.031414032
51045,0.0061035156
51135,0.013282776
51077,-0.0068740845
51169,-0.011764526
51007,2.0072632
51103,0.004272461
51149,0.990036
51125,0.0032653809
51520,-0.016052246
51049,-0.0008773804
51031,-0.008728027
51043,0.98547363
51067,9.99292
51670,2.0034027
51775,0.010513306
51091,0.0050964355
51079,-0.012832642
51069,83.97604
51187,25.009857
51650,20.00174
51033,10.9867935
51093,2.0079346
51053,-0.002418518
51640,-0.038467407
51181,0.9882164
51800,3.9876938
51153,75.991135
51131,0.009811401
51063,-0.014572144
51075,0.015670776
51013,44.01833
51029,3.0098877
51570,-0.00680542
51095,3.9601288
51115,0.007247925
51061,54.992966
51590,0.009552002
51830,0.0140686035
51167,2.992157
51165,25.008045
51057,0.006002426
51700,15.989464
51085,59.98871
51173,1.0012741
51510,6.9890594
51001,1.0065002
51017,5.004936
51027,0.00048828125
51540,-0.0058898926
51740,2.9944
51009,0.00390625
51155,3.0269775
51199,15.992584
51107,73.0079
51195,-0.004333496
51105,0.003479004
51197,6.0029297
51810,0.004890442
51059,157.01329
51081,0.99568176
51630,-0.013214111
51710,8.009872
51185,0.010223389
51109,6.016815
51163,-0.015930176
51047,11.996902
51021,0.008605957
51840,0.010498047
51690,-0.0032348633
51157,1.0012512
51680,-0.008071899
51111,-0.0045166016
51089,1.0055237
51015,2.972252
51087,130.01111
51035,-0.00920105
51177,28.008255
51133,0.007537842
51171,28.993484
51191,2.0150948
51137,-0.004753113
51660,3.9880981
51117,1.0085449
51179,24.991852
51025,1.0280762
51193,0.9904175
51730,-0.0069885254
51121,3.0043945
51735,-0.012283325
51141,-0.0063476562
51678,-0.0037841797
51005,1.0026093
51550,6.0091553
51003,-0.009628296
51143,1.0003967
51595,0.013061523
51099,5.990509
51119,0.00074768066
51147,5.005272
51113,0.9911423
51051,0.014022827
39075,0.99308777
39129,44.988876
39145,39.994583
39035,537.0036
39109,71.98178
39085,396.99484
39011,22.005753
39115,6.0047913
39001,59.991364
39031,11.008354
39083,7.0038033
39133,52.00801
39117,12.995491
39157,19.001808
39003,63.012207
39147,23.000168
39113,1592.9998
39165,186.99997
39079,50.003716
39033,19.99228
39067,0.008468628
39171,0.0022277832
39103,89.99731
39019,4.003662
39127,22.997719
39071,120.00935
39057,95.989685
39107,93.99054
39073,15.007538
39015,29.004593
39121,0.008682251
39131,10.005203
39005,55.996555
39091,38.007385
39027,65.007385
39087,2.0055237
39175,0.993309
39039,22.989288
39155,182.00401
39139,95.99052
39099,373.00787
39137,0.0010375977
39135,10.984238
39149,47.99803
39141,87.98629
39059,6.9913025
39061,2248.01
39065,106.98868
39037,31.01036
39173,59.013428
39013,7.9849854
39063,33.99501
39017,234.99457
39161,33.012527
39023,6.99794
39143,3.0159302
39053,5.009506
39043,78.003235
39045,148.98187
39021,36.999344
39105,13.008896
39029,51.00368
39069,7.993866
39047,23.997162
39025,270.99274
39167,36.00786
39123,19.003157
39081,26.98919
39089,483.98816
39009,91.00369
39077,82.99136
39101,61.00769
39007,50.003708
39051,18.005173
39163,2.992218
39119,5.9938965
39151,141.01036
39093,21.0075
39111,6.0039444
39041,549.99396
39095,300.9944
39159,66.99455
39169,52.015026
39049,696.9954
39055,9.003914
39153,114.98776
39097,69.99213
39125,7.0097885
