39109,110.99962
39091,72.9943
39021,56.996674
39171,4.004616
39161,25.007607
39037,61.99447
39019,3.0098724
39065,85.98935
39035,2277.0103
39123,25.997658
39087,29.004295
39115,-0.005996704
39041,166.99226
39107,103.99494
39145,248.00417
39043,167.00745
39063,86.00734
39073,25.000275
39085,811.00476
39147,78.00542
39009,107.99988
39167,90.99548
39027,60.004612
39067,1.9978409
39135,44.995102
39083,49.005188
39095,461.99274
39061,3457.9114
39159,31.996582
39039,44.010742
39055,52.005417
39111,9.006989
39101,178.00125
39151,16.994102
39127,14.008
39023,38.005554
39049,1190.0071
39173,90.99469
39119,27.004236
39015,72.99469
39097,76.00201
39143,49.993378
39163,4.996582
39149,169.98982
39117,22.895233
39069,1.2189636
39081,84.99394
39051,25.007385
39103,134.00595
39155,248.99976
39029,140.99548
39139,136.99052
39137,-0.020370483
39175,13.994488
39045,263.99557
39141,124.99338
39129,150.99261
39169,101.00334
39011,27.00586
39053,57.008987
39017,684.0095
39001,61.005478
39113,2462.0007
39071,84.005066
39033,84.995056
39133,184.99149
39165,269.0059
39079,74.008255
39031,32.999413
39157,33.993343
39131,41.995285
39089,196.00638
39125,2.993225
39077,119.00449
39003,168.00935
39121,3.9941711
39057,174.99387
39005,112.00572
39153,218.99945
39059,42.00122
39099,387.99442
39093,31.001759
39025,236.00421
39007,181.9975
39047,44.00807
39105,34.994553
39075,3.9955292
39013,54.999794
