39109,56.000877
39091,37.99565
39021,36.995712
39171,1.0017776
39161,48.00378
39037,19.997599
39019,0.0038909912
39065,113.00081
39035,462.005
39123,3.999405
39087,4.0027466
39115,9.997164
39041,1122.9934
39107,27.999397
39145,17.003956
39043,30.003708
39063,32.00216
39073,13.000618
39085,193.00359
39147,24.005165
39009,71.999344
39167,33.998962
39027,68.001785
39067,-0.0041656494
39135,12.998657
39083,1.001886
39095,332.9968
39061,1917.0182
39159,33.00061
39039,24.003475
39055,6.0039825
39111,0.0041542053
39101,60.99936
39151,77.99875
39127,65.998505
39023,26.003784
39049,327.00317
39173,41.99946
39119,1.0021458
39015,13.998508
39097,41.00139
39143,6.996994
39163,4.9988174
39149,37.99594
39117,13.0203705
39069,2.943777
39081,12.997791
39051,5.004532
39103,92.00212
39155,121.995285
39029,33.995575
39139,100.999466
39137,3.998726
39175,1.9962597
39045,185.99756
39141,43.99801
39129,41.999123
39169,43.004883
39011,35.0053
39053,8.001511
39017,223.00436
39001,50.001762
39113,1264.9993
39071,92.00402
39033,47.99572
39133,93.99739
39165,133.00397
39079,35.002945
39031,0.0020599365
39157,8.996344
39131,5.99736
39089,175.00603
39125,5.997864
39077,38.00363
39003,43.00244
39121,-0.0032367706
39057,87.99698
39005,82.00172
39153,112.00122
39059,14.001614
39099,357.99658
39093,14.001221
39025,167.00159
39007,25.997635
39047,7.9924164
39105,2.9951477
39075,4.9995956
39013,0.00044059753
