39149,169.99905
39005,111.99988
39029,141.00049
39167,91.00021
39141,125.0002
39121,4.0009155
39045,263.99933
39087,28.999832
39123,26.0
39011,26.999817
39039,43.333374
39097,72.303406
39065,85.99967
39107,103.99896
39021,57.020874
39063,86.00061
39077,118.999664
39161,25.000511
39053,56.997528
39157,33.99994
39109,111.00006
39117,23.000397
39059,41.99951
39099,388.00055
39049,1190.0002
39071,83.999405
39073,24.999548
39061,3458.0002
39133,185.0004
39079,73.99872
39091,73.00069
39139,137.001
39171,3.9999695
39067,2.0003052
39143,50.000015
39163,4.999695
39175,14.001457
39147,78.00053
39015,72.99965
39135,44.999557
39057,175.0002
39111,9.002327
39151,17.000885
39043,167.0016
39055,52.000214
39041,167.00006
39113,2461.9998
39103,134.0004
39119,27.000534
39007,181.88332
39085,810.9996
39033,85.00073
39145,247.99895
39019,2.9999847
39125,2.9996681
39089,195.99953
39031,32.999786
39093,30.999939
39137,-0.0001296997
39001,61.001022
39013,54.999878
39083,49.000015
39131,41.99997
39009,108.00051
39153,219.0
39017,683.9999
39165,268.9997
39081,84.99974
39069,1.0003033
39003,168.0072
39105,34.998703
39075,3.9997025
39173,91.114136
39127,14.000183
39035,2277.0027
39095,461.99976
39155,249.00061
39101,178.00061
39129,151.00072
39051,25.00003
39037,62.000317
39159,31.999603
39047,44.002197
39023,37.999542
39115,-6.866455e-05
39169,101.0004
39027,60.000977
39025,236.00063
