39109,141.00084
39091,60.993805
39021,94.99585
39171,4.0035095
39161,41.008472
39037,109.990974
39019,0.008712769
39065,86.99185
39035,2771.0156
39123,22.998383
39087,96.00549
39115,0.9947357
39041,215.9913
39107,61.992798
39145,207.00803
39043,278.00977
39063,200.00659
39073,20.003693
39085,1065.0059
39147,122.00934
39009,105.99549
39167,84.99863
39027,103.00385
39067,10.991196
39135,20.992584
39083,31.001831
39095,517.99243
39061,4167.002
39159,25.999664
39039,164.0109
39055,83.00821
39111,17.011856
39101,287.00272
39151,384.99265
39127,46.002045
39023,119.00946
39049,1685.0034
39173,65.99783
39119,48.006622
39015,121.993
39097,94.00083
39143,66.99408
39163,23.99591
39149,141.98755
39117,33.004944
39069,10.948761
39081,99.99399
39051,14.006332
39103,177.00485
39155,395.98636
39029,202.99231
39139,224.99141
39137,4.992836
39175,28.99023
39045,276.99307
39141,137.99286
39129,82.99365
39169,127.009094
39011,57.00995
39053,171.005
39017,708.01
39001,95.00508
39113,2220.997
39071,154.00394
39033,116.9874
39133,222.9914
39165,220.00803
39079,69.0081
39031,20.999176
39157,31.991432
39131,55.992157
39089,167.0085
39125,14.99231
39077,161.00412
39003,219.00732
39121,15.99251
39057,291.99237
39005,215.00795
39153,259.9978
39059,158.00108
39099,576.99097
39093,476.00266
39025,292.0044
39007,305.99335
39047,83.984634
39105,13.98999
39075,7.99469
39013,108.00034
