39109,76.002716
39091,63.995872
39021,28.995071
39171,0.0023498535
39161,52.004642
39037,20.99725
39019,8.001984
39065,129.00009
39035,1877.0104
39123,11.998726
39087,2.0044327
39115,3.994648
39041,123.99382
39107,66.998825
39145,197.00705
39043,107.00935
39063,58.005905
39073,23.00322
39085,489.00632
39147,19.007206
39009,107.99582
39167,56.002304
39027,87.00219
39067,-0.009277344
39135,18.995377
39083,34.000504
39095,423.99594
39061,3291.0864
39159,80.00035
39039,12.005737
39055,12.005692
39111,5.010889
39101,83.00431
39151,24.998768
39127,18.996584
39023,5.0050964
39049,776.9983
39173,77.00223
39119,8.001041
39015,25.997696
39097,65.00079
39143,16.996567
39163,10.996384
39149,79.99248
39117,20.106415
39069,5.721655
39081,58.996902
39051,17.007042
39103,100.00249
39155,254.98482
39029,67.9946
39139,103.99931
39137,0.006214142
39175,0.9944954
39045,208.99484
39141,64.99585
39129,104.00131
39169,45.011505
39011,62.01091
39053,16.002995
39017,495.00638
39001,114.99888
39113,1968.9978
39071,58.002777
39033,61.990005
39133,108.99834
39165,222.00562
39079,59.00042
39031,26.00037
39157,21.995426
39131,11.996201
39089,279.00513
39125,0.99710083
39077,106.003914
39003,78.004425
39121,-0.003868103
39057,135.99443
39005,76.00345
39153,147.99962
39059,11.0056
39099,335.9958
39093,11.001686
39025,255.00195
39007,157.9945
39047,28.972015
39105,22.992195
39075,0.99684906
39013,26.002254
