39109
39091
39021
39171
39161
39037
39019
39065
39035
39123
39087
39115
39041
39107
39145
39043
39063
39073
39085
39147
39009
39167
39027
39067
39135
39083
39095
39061
39159
39039
39055
39111
39101
39151
39127
39023
39049
39173
39119
39015
39097
39143
39163
39149
39117
39069
39081
39051
39103
39155
39029
39139
39137
39175
39045
39141
39129
39169
39011
39053
39017
39001
39113
39071
39033
39133
39165
39079
39031
39157
39131
39089
39125
39077
39003
39121
39057
39005
39153
39059
39099
39093
39025
39007
39047
39105
39075
39013
