-83.367042,40.295901,0.0006066466487326185
-80.763527,40.399384,0.0012429052077238152
-80.770396,41.01088,0.0016484767033461733
-83.012613,41.545495,0.0006265299238302503
-84.149614,39.052084,0.001184898723814594
-82.517186,38.603866,0.00046962894033551213
-83.461893,39.555246,0.001537483101667302
-83.601359,39.184422,0.001952220363788417
-84.290591,39.753736,0.004591529639920189
-83.313681,40.839782,0.0006080344827586208
-83.142776,41.355319,0.0008245860472039828
-81.930109,40.29671,0.0008992796688382194
-83.866772,38.931377,0.00164207252020077
-82.045844,39.332604,0.0016798790491401635
-84.106103,40.771627,0.001593994056717523
-82.422393,40.40362,0.0008085203888605596
-81.173505,41.499322,0.0005541804134697357
-81.930001,40.565597,9.593767113751333e-05
-81.090987,39.726253,0.0005980148056755088
-84.632059,40.535333,0.002545676952064013
-84.486433,41.321679,0.0011340159744408944
-83.766343,40.387553,0.0016071057611900886
-84.224018,40.561309,0.000584858946129194
-81.091565,40.292318,0.00012009142948105699
-84.621248,40.131542,0.0011764516866345403
-81.887194,40.829661,0.00087804029240275
-84.129879,41.024533,-1.666483143767726e-06
-82.028397,39.089807,0.0014797219681571814
-82.485961,39.252042,0.0003644908308806883
-83.168803,40.588034,0.0026881379122870603
-84.204142,40.33668,0.0034536939244262863
-83.767604,40.132775,0.0014384138679864654
-83.052827,39.648947,0.0026809466342484958
-81.534936,41.121851,0.0004044585164459459
-83.795048,39.429004,0.0014313574617423066
-81.943506,39.966046,0.0003148095166057672
-84.582125,41.118948,0.00015699752434224156
-80.967727,40.017682,0.0007857131818573522
-81.471157,40.447448,0.00037121775930556
-81.392643,41.924116,0.0035320801819385874
-83.783676,39.917032,0.000278323963792282
-82.483447,39.490342,0.0008646835650040883
-81.724217,41.760392,0.001798536233589695
-84.544187,39.196927,0.00430913327584746
-80.745592,41.906637,0.0018151285170192827
-82.627329,39.75262,0.0017909456372153566
-82.483435,40.091505,0.0011679834242613958
-83.478082,38.834468,0.002144432348586336
-82.797729,40.525266,0.0006519850520178347
-83.894894,39.687479,0.001066560432585504
-81.197042,41.168837,0.001129461522969039
-82.525897,41.554006,0.002186955098834926
-82.924783,40.848524,0.0019846624994168957
-83.664077,40.660415,0.002720327288810261
-84.124267,41.597264,0.0005825279761345485
-84.585775,40.85552,0.0008590579700059153
-83.007462,40.278941,0.0009214277987504691
-82.614142,39.013477,0.0022561692298340525
-83.468903,41.682321,0.0010566639143094365
-80.768701,41.305911,0.0012010415471328765
-83.666034,41.000471,0.0011381162944363685
-81.090787,40.579884,9.121189542941135e-05
-82.270127,40.843273,0.002106549841162428
-81.365667,40.814131,4.5476599885365425e-05
-83.127547,41.119992,0.0013933157246622525
-81.490653,39.450684,0.001481390687534572
-84.584323,41.564958,0.00011117990517287306
-82.179722,41.438805,0.00010158136519925596
-82.594641,41.14508,0.0020073323776436066
-81.497875,40.056665,0.0010469560436801807
-83.052909,39.07136,0.0014730771523759425
-84.0689,41.331584,4.632928609578067e-05
-81.452512,39.767232,0.0002685238202862818
-82.542781,40.774159,0.0011167239058612391
-83.400885,39.896607,0.0017706291005537202
-80.778455,40.770073,0.0013239749008998854
-84.644758,39.73881,0.0010722603587036993
-82.301746,38.817046,0.0018449982149232418
-81.861697,39.624946,1.3824476082004555e-05
-84.228413,40.053326,0.0010778790642616651
-83.059581,39.323818,0.0016145166828009036
-83.622682,41.360183,0.0007077080678745687
-82.237952,39.743187,0.0003909748888888889
-82.998675,38.814889,0.003156356372149837
-84.169906,39.425652,0.0012383727394045371
-84.565734,39.439747,0.0018431055723139213
-81.899764,41.116174,0.0007701786731903872
-83.006865,39.969575,0.000994724723469362
