39159,32.02245
39081,84.965
39099,388.15527
39123,25.910145
39025,235.924
39087,29.170532
39047,44.35485
39071,84.03723
39113,2462.2996
39175,13.736107
39143,49.855297
39031,33.129463
39015,72.95564
39009,108.33372
39003,167.8938
39083,49.15238
39055,52.00429
39075,4.134338
39111,8.724438
39107,104.03418
39039,44.013428
39091,73.0301
39011,26.826895
39067,1.8860359
39037,61.76489
39169,100.89561
39137,-0.05699539
39105,34.945114
39163,4.829868
39101,177.99774
39149,169.91138
39021,56.964066
39129,151.0633
39153,218.85493
39027,59.95527
39119,27.052841
39125,3.0313082
39013,54.706066
39157,34.29718
39085,810.7113
39023,37.97313
39073,25.380192
39035,2277.035
39061,3458.1484
39007,182.05376
39045,264.1806
39089,195.88834
39001,60.828968
39117,22.811653
39057,174.75806
39133,185.0634
39043,167.0615
39033,85.09042
39065,86.10924
39051,24.799381
39161,24.688467
39041,166.95166
39079,74.23248
39095,461.97452
39155,249.09962
39063,86.12126
39019,2.6062887
39005,112.066345
39151,17.0585
39147,78.07166
39167,91.05516
39171,4.173916
39093,30.636635
39077,119.022766
39059,41.705494
39131,42.004795
39069,1.301158
39121,3.9207163
39139,136.8936
39097,76.10518
39029,140.94772
39135,44.898758
39053,56.84624
39115,0.20634413
39109,111.08945
39141,125.08468
39173,91.08769
39127,14.075096
39145,248.06436
39165,269.11078
39017,683.7166
39103,133.79929
39049,1189.7604
