54007,12.00882
54083,0.022735596
54011,174.98755
54099,17.001297
54087,0.017669678
54047,8.986237
54107,127.00641
54067,59.984627
54027,24.023102
54023,1.0185776
54029,70.982086
54001,-0.00091552734
54017,-0.027786255
54065,9.001709
54037,5.99794
54063,0.009914398
54085,0.010528564
54071,0.0138549805
54035,10.018372
54041,121.99237
54025,55.983994
54081,155.97707
54057,2.0162354
54105,0.013717651
54075,0.012992859
54077,6.003929
54097,17.016468
54019,16.024567
54013,0.023620605
54095,0.025177002
54093,0.0042877197
54089,9.009979
54033,305.00443
54091,-0.0019836426
54103,-0.015319824
54009,17.99768
54069,53.007416
54109,-0.0034179688
54005,-0.0029296875
54049,126.99866
54031,26.00557
54021,0.009643555
54061,16.019714
54051,66.010345
54045,17.02098
54055,9.987408
54059,3.02845
54073,0.014060974
54015,-0.0029754639
54053,3.9759293
54039,166.00632
54101,0.009216309
54079,19.98471
54003,120.97931
54043,0.018196106
21061,-0.011230469
21147,1.9849854
21179,10.013855
21009,2.0034943
21165,-0.009811401
21213,0.014137268
21105,0.017822266
21207,-0.015472412
21081,22.985352
21101,4.9714966
21019,75.014496
21187,9.002563
21175,-0.01586914
21063,0.02368164
21133,0.979187
21017,6.997925
21149,-0.024024963
21135,3.021698
21115,-0.01928711
21117,552.0021
21119,0.011722565
21201,0.014099121
21077,23.003769
21087,3.0189514
21013,0.013824463
21055,0.009922028
21209,41.02545
21021,25.979462
21003,0.020904541
21109,1.0100708
21043,23.981018
21057,0.9928589
21037,527.9945
21095,1.0061951
21097,31.997635
21041,74.00745
21183,2.9904785
21193,0.012634277
21227,10.053497
21015,229.00417
21085,1.0074463
21005,17.987915
21141,0.011505127
21177,1.987854
21195,38.99492
21157,1.0065308
21113,71.99432
21071,3.987152
21053,0.008911133
21127,5.991913
21185,17.014618
21153,-0.0028839111
21235,2.9913025
21239,8.021118
21083,0.9931488
21035,0.022766113
21211,23.00087
21029,86.97208
21011,0.012462616
21231,2.9825592
21163,15.99823
21123,-0.011047363
21125,1.0158081
21145,15.999901
21199,6.0163574
21069,3.0161438
21091,-0.008743286
21197,11.008057
21159,4.023926
21129,4.018219
21181,1.017395
21031,0.029689789
21079,0.99331665
21049,49.97574
21139,-0.02230835
21137,1.9811401
21023,10.017059
21047,1.9980469
21111,1129.9727
21191,75.0213
21059,8.012054
21103,8.994568
21205,22.004707
21067,465.98563
21025,1.0006332
21039,0.019439697
21219,0.00048828125
21229,0.016693115
21027,0.0113220215
21033,-0.011962891
21217,16.017273
21225,0.018859863
21237,-0.013378143
21203,0.0022888184
21099,-0.020111084
21131,-0.012634277
21215,2.984562
21233,-0.016647339
21155,3.012909
21089,17.000778
21075,0.0013694763
21173,39.01013
21121,1.0392342
21223,8.014664
21171,-0.0021972656
21045,0.005584717
21107,-0.009063721
21189,-0.018013
21093,26.002335
21167,8.018814
21001,1.9855347
21065,4.017639
21221,1.9918823
21073,58.024536
21051,1.9794922
21161,60.990112
21143,0.9876709
21007,-0.00349617
21169,-0.014823914
21151,115.978424
42115,13.994148
42007,160.97394
42127,14.018311
42119,6.008667
42075,170.00098
42047,0.0008544922
42037,36.98578
42103,39.96837
42097,32.994385
42093,29.994263
42003,3279.0103
42039,21.012756
42063,37.986572
42077,268.00555
42009,17.961075
42001,19.991455
42065,26.00142
42057,7.9927673
42017,118.993744
42021,286.99612
42031,31.986526
42061,33.015198
42109,26.014648
42079,671.99054
42033,29.001766
42069,279.96796
42025,50.996887
42071,385.01666
42051,188.02565
42067,13.990623
42041,31.013672
42113,0.03439331
42019,115.005005
42023,-0.01574707
42095,179.98718
42111,68.9789
42125,281.0093
42117,28.02414
42099,35.02191
42043,357.9901
42059,47.021973
42123,3.9783936
42085,41.019104
42049,150.99829
42083,2.9786682
42027,47.987232
42005,56.972137
42129,552.01697
42053,-0.011024475
42091,53.98117
42011,414.98898
42131,16.991302
42089,166.9985
42045,571.9895
42107,129.98047
42035,24.006432
42013,159.00554
42073,97.99467
42133,670.9989
42029,239.00504
42015,25.978851
42081,223.98743
42055,67.008606
42101,3518.9788
42105,13.013184
42121,39.00168
42087,11.98555
51073,14.988586
51720,-0.020217896
51183,4.0202637
51770,294.00967
51580,-0.024536133
51790,0.98349
51139,5.979889
51620,16.977386
51820,3.0159302
51041,224.99759
51083,0.0034484863
51037,5.007324
51023,11.015259
51101,1.9434204
51127,6.0188293
51683,12.981686
51019,12.980408
51610,0.0029754639
51065,-0.012390137
51530,4.998932
51036,0.012207031
51097,0.011077881
51600,11.004272
51011,1.0057907
51071,7.9783936
51175,14.012512
51760,519.01294
51145,5.026001
51750,1.0319824
51045,2.0079346
51135,3.014801
51077,-0.0010528564
51169,-0.01876831
51007,1.0069733
51103,6.005127
51149,13.983826
51125,0.008392334
51520,-0.023254395
51049,1.0004883
51031,7.9831543
51043,8.979431
51067,22.987793
51670,2.0043945
51775,22.01811
51091,0.008087158
51079,3.9795532
51069,97.97119
51187,167.01424
51650,92.99995
51033,6.9853973
51093,13.011932
51053,0.99217224
51640,0.95726776
51181,-0.015872955
51800,68.98038
51153,270.9834
51131,1.028717
51063,0.9775696
51075,2.0234985
51013,54.029224
51029,2.015442
51570,16.983337
51095,3.961975
51115,11.01347
51061,105.9888
51590,1.0153809
51830,5.02124
51167,0.9881134
51165,38.013626
51057,0.0137786865
51700,92.994385
51085,95.98157
51173,0.0025634766
51510,15.979095
51001,2.0092773
51017,0.010650635
51027,0.99591064
51540,19.987732
51740,174.99603
51009,3.0019836
51155,7.0098267
51199,17.999527
51107,53.015076
51195,3.9943237
51105,0.0055389404
51197,3.0133667
51810,126.00633
51059,265.01865
51081,3.991867
51630,36.97837
51710,178.01804
51185,5.010132
51109,7.0307007
51163,8.981659
51047,80.98207
51021,0.021118164
51840,71.0123
51690,-0.00592041
51157,1.0077133
51680,36.985657
51111,-0.0076293945
51089,2.997158
51015,3.9777222
51087,274.0111
51035,-0.013305664
51177,122.00995
51133,0.015167236
51171,58.974915
51191,0.029754639
51137,17.989845
51660,1.982132
51117,3.006836
51179,85.989044
51025,4.0255127
51193,3.9868164
51730,42.984436
51121,36.00659
51735,2.9753723
51141,-0.015686035
51678,-0.0018310547
51005,5.0047913
51550,164.01181
51003,1.9883423
51143,0.9935608
51595,2.0135498
51099,8.984497
51119,0.0006713867
51147,0.006881714
51113,1.9892807
51051,1.0151978
39075,3.9937592
39129,150.98268
39145,247.9877
39035,2277.0083
39109,110.9798
39085,810.99036
39011,27.02008
39115,0.009109497
39001,60.986374
39031,33.010933
39083,49.0036
39133,184.9982
39117,22.98378
39157,34.0012
39003,168.0152
39147,78.00104
39113,2462.0054
39165,269.00275
39079,74.007996
39033,84.982864
39067,2.003479
39171,3.9992065
39103,133.99219
39019,3.0099487
39127,13.990845
39071,84.01381
39057,174.98819
39107,103.981445
39073,25.011993
39015,73.00003
39121,4.0171394
39131,42.012333
39005,111.99273
39091,73.015686
39027,60.009888
39087,29.00653
39175,13.988815
39039,43.980972
39155,249.00427
39139,136.98682
39099,388.0163
39137,0.0026245117
39135,44.9843
39149,169.99355
39141,124.985855
39059,41.985306
39061,3458.0125
39065,85.9739
39037,62.023376
39173,91.02203
39013,54.970757
39063,85.989685
39017,683.9894
39161,25.023361
39023,38.005898
39143,50.02134
39053,57.01516
39043,167.00873
39045,263.98837
39021,56.99823
39105,35.01303
39029,141.01093
39069,0.98968506
39047,44.00067
39025,235.9873
39167,91.01456
39123,26.003021
39081,84.988205
39089,195.97937
39009,108.00598
39077,118.980835
39101,178.0152
39007,182.0015
39051,25.01065
39163,4.99057
39119,26.98986
39151,17.019852
39093,31.018433
39111,9.004677
39041,166.99835
39095,461.98993
39159,31.99321
39169,101.0142
39049,1189.986
39055,51.999588
39153,218.98392
39097,75.98953
39125,3.013977
