54007,0.011047363
54083,4.011139
54011,96.991394
54099,1.0024185
54087,5.0121613
54047,-0.008972168
54107,27.001022
54067,3.991417
54027,8.03363
54023,0.01807785
54029,12.989166
54001,-0.002746582
54017,10.979294
54065,30.998154
54037,16.995209
54063,0.009269714
54085,0.008979797
54071,0.009936333
54035,9.011169
54041,1.0045471
54025,2.986473
54081,68.98494
54057,9.012665
54105,0.010635376
54075,7.0057297
54077,0.0029830933
54097,2.01542
54019,0.024871826
54013,0.014465332
54095,0.016082764
54093,0.000289917
54089,0.010955811
54033,150.0087
54091,-0.005554199
54103,3.9846497
54009,0.99450684
54069,38.99945
54109,0.0017700195
54005,-0.002532959
54049,223.00076
54031,9.014893
54021,0.010314941
54061,36.016556
54051,9.008209
54045,14.012344
54055,23.992996
54059,4.017578
54073,1.0061874
54015,-0.0043640137
54053,0.9867096
54039,133.00798
54101,0.010986328
54079,2.988449
54003,205.98338
54043,0.012645721
21061,-0.0058898926
21147,12.987061
21179,11.014038
21009,0.004989624
21165,-0.0029850006
21213,0.008491516
21105,0.009033203
21207,-0.018684387
21081,17.984612
21101,2.9697113
21019,60.01175
21187,1.9990234
21175,-0.010131836
21063,0.009521484
21133,-0.016708374
21017,4.9977036
21149,-0.017044067
21135,3.01622
21115,-0.015060425
21117,357.0049
21119,0.015449524
21201,0.010040283
21077,6.0068054
21087,0.013198853
21013,0.004058838
21055,0.008457184
21209,22.0141
21021,-0.018737793
21003,0.015083313
21109,0.011108398
21043,9.981049
21057,-0.00365448
21037,318.00098
21095,1.0061035
21097,7.997143
21041,62.01001
21183,-0.0060424805
21193,1.0113525
21227,1.0020294
21015,160.0038
21085,2.0052032
21005,14.987244
21141,0.005962372
21177,-0.006904602
21195,0.00045776367
21157,0.008758545
21113,10.996582
21071,7.9842987
21053,0.008178711
21127,-0.0077209473
21185,16.011108
21153,-0.0035858154
21235,-0.008651733
21239,6.014374
21083,1.9915924
21035,0.013031006
21211,3.0044098
21029,33.963104
21011,3.010975
21231,1.9984131
21163,3.9992523
21123,0.9925537
21125,5.012741
21145,18.998497
21199,19.011963
21069,9.011322
21091,-0.012886047
21197,0.0044174194
21159,10.0186615
21129,2.014557
21181,0.005126953
21031,0.023231506
21079,-0.0029449463
21049,30.99244
21139,-0.03968811
21137,3.9866638
21023,21.012634
21047,0.9966736
21111,757.9779
21191,36.021667
21059,3.0082474
21103,1.998169
21205,13.00017
21067,137.98691
21025,1.0019531
21039,0.014434814
21219,0.0029010773
21229,0.011978149
21027,0.0087890625
21033,-0.012832642
21217,6.014038
21225,0.011222839
21237,-0.010498047
21203,0.0021362305
21099,-0.01335144
21131,-0.0126953125
21215,1.9906006
21233,-0.022903442
21155,0.008270264
21089,10.000816
21075,-0.0007171631
21173,2.0089111
21121,2.021511
21223,1.0097733
21171,-0.0022888184
21045,0.006454468
21107,-0.010025024
21189,-0.012851715
21093,4.002594
21167,3.0136948
21001,0.9863663
21065,0.030189514
21221,-0.0053100586
21073,3.021698
21051,-0.017547607
21161,36.99597
21143,-0.009643555
21007,-0.003066063
21169,-0.009132385
21151,8.985661
42115,31.992401
42007,85.98277
42127,29.013748
42119,6.008217
42075,78.00806
42047,-0.001373291
42037,59.98468
42103,25.980408
42097,44.994316
42093,6.9946594
42003,2739.0083
42039,7.010071
42063,46.98809
42077,211.00531
42009,26.9692
42001,11.993744
42065,36.001465
42057,2.9954224
42017,673.99493
42021,109.99196
42031,13.991058
42061,53.008423
42109,14.012228
42079,434.99548
42033,7.936302
42069,373.97278
42025,33.99524
42071,375.00775
42051,177.02022
42067,17.988667
42041,19.00943
42113,2.0154114
42019,70.004395
42023,-0.012548447
42095,204.99146
42111,18.98727
42125,161.01083
42117,5.0214157
42099,22.012573
42043,263.9884
42059,9.009094
42123,0.98184204
42085,50.01352
42049,158.999
42083,0.9848938
42027,55.98751
42005,64.974655
42129,364.00897
42053,-0.0037078857
42091,62.977844
42011,356.9923
42131,16.991882
42089,74.998505
42045,538.9933
42107,97.98602
42035,6.002533
42013,137.00328
42073,37.995056
42133,490.99625
42029,155.00415
42015,26.982792
42081,109.99472
42055,46.00403
42101,3658.9866
42105,12.014954
42121,34.99762
42087,11.988976
51073,6.9919586
51720,-0.016731262
51183,1.0171814
51770,64.010864
51580,-0.013198853
51790,-0.0067443848
51139,-0.01751709
51620,-0.014144897
51820,2.010315
51041,139.00201
51083,0.0025177002
51037,0.013427734
51023,9.011589
51101,2.0232544
51127,7.009926
51683,-0.012992859
51019,6.984764
51610,0.0028839111
51065,-0.014251709
51530,0.002746582
51036,3.0075684
51097,0.011405945
51600,0.0013580322
51011,5.000519
51071,7.9868507
51175,12.004723
51760,0.011749268
51145,1.0172119
51750,0.0085372925
51045,0.00579834
51135,5.0101013
51077,-0.0032424927
51169,-0.01625061
51007,0.005470276
51103,2.0024414
51149,5.989197
51125,0.0066223145
51520,-0.018585205
51049,-0.001159668
51031,0.9898071
51043,1.983324
51067,24.98793
51670,0.00440979
51775,0.016418457
51091,0.001953125
51079,0.9872284
51069,64.98657
51187,41.01567
51650,13.001991
51033,10.989166
51093,17.003914
51053,0.9931755
51640,-0.01486969
51181,-0.0134887695
51800,1.9859161
51153,182.98929
51131,0.025405884
51063,-0.013824463
51075,0.019882202
51013,51.0264
51029,1.0146179
51570,-0.01361084
51095,2.9904594
51115,0.015815735
51061,53.991432
51590,0.011108398
51830,0.019897461
51167,-0.0082092285
51165,18.012182
51057,1.0136337
51700,8.998108
51085,64.9852
51173,0.0012207031
51510,7.9868317
51001,5.0075684
51017,0.0039138794
51027,-0.00047302246
51540,1.9934692
51740,3.9947815
51009,0.0047302246
51155,-0.014282227
51199,14.997864
51107,65.01495
51195,-0.0064697266
51105,0.0071868896
51197,2.001419
51810,1.0057068
51059,246.01901
51081,7.993225
51630,0.9905319
51710,3.0148163
51185,5.009308
51109,15.01709
51163,1.9849243
51047,29.992714
51021,0.024169922
51840,5.0154877
51690,-0.0041618347
51157,3.0068054
51680,-0.010597229
51111,-0.006378174
51089,8.002279
51015,0.99993896
51087,181.00151
51035,0.9903259
51177,100.00662
51133,0.014709473
51171,19.977386
51191,0.019081116
51137,2.9930038
51660,19.985687
51117,1.0108032
51179,64.98953
51025,5.01355
51193,0.9912491
51730,-0.004180908
51121,18.001053
51735,-0.015396118
51141,-0.01361084
51678,-0.0056762695
51005,0.0074386597
51550,0.010421753
51003,1.9911499
51143,3.997589
51595,0.013214111
51099,9.9887085
51119,0.00074768066
51147,5.00473
51113,-0.00951767
51051,0.015625
39075,0.9937134
39129,103.98616
39145,196.99377
39035,1877.01
39109,75.98691
39085,488.9958
39011,62.00833
39115,4.0066986
39001,114.98459
39031,26.00666
39083,34.004425
39133,109.00456
39117,19.989212
39157,22.001406
39003,78.01361
39147,19.001358
39113,1969.0001
39165,221.99976
39079,59.008163
39033,61.987656
39067,0.0050201416
39171,0.000869751
39103,99.99756
39019,8.013535
39127,18.994873
39071,58.012512
39057,135.98648
39107,66.98616
39073,23.01448
39015,26.007248
39121,0.01002121
39131,12.005459
39005,75.99765
39091,64.00815
39027,87.00346
39087,2.000183
39175,0.9901581
39039,11.98568
39155,255.00052
39139,103.986206
39099,336.0118
39137,0.0056762695
39135,18.992233
39149,79.993935
39141,64.98568
39059,10.989372
39061,3291.0107
39065,128.97699
39037,21.01587
39173,77.015686
39013,25.978088
39063,57.991577
39017,494.99298
39161,52.013794
39023,5.0098476
39143,17.019035
39053,16.015335
39043,107.00525
39045,208.98642
39021,29.000702
39105,23.010406
39029,68.00817
39069,5.992752
39047,28.99704
39025,254.98883
39167,56.01117
39123,12.005142
39081,58.987045
39089,278.98196
39009,108.0067
39077,105.98541
39101,83.008194
39007,158.00287
39051,17.00801
39163,10.995132
39119,7.991516
39151,25.016739
39093,11.019035
39111,5.003853
39041,123.99637
39095,423.99277
39159,79.99208
39169,45.011353
39049,776.9852
39055,12.005676
39153,147.98782
39097,64.99205
39125,1.0078793
