-83.367042,40.295901,0.000814609934452317
-80.763527,40.399384,0.001492100643651258
-80.770396,41.01088,0.0019281160946730484
-83.012613,41.545495,0.0012090436464756377
-84.149614,39.052084,0.001376130662099654
-82.517186,38.603866,0.0010625623852915608
-83.461893,39.555246,0.002634406738535131
-83.601359,39.184422,0.002439194368945571
-84.290591,39.753736,0.0028045574057843996
-83.313681,40.839782,0.0006639812314638573
-83.142776,41.355319,0.002199765137857462
-81.930109,40.29671,0.0003257328990228013
-83.866772,38.931377,0.0016430709671610886
-82.045844,39.332604,0.001380080323776148
-84.106103,40.771627,0.001110805191352809
-82.422393,40.40362,0.0006908690145246986
-81.173505,41.499322,0.0005967604433077579
-81.930001,40.565597,6.961525966491854e-05
-81.090987,39.726253,0.0005483583521831517
-84.632059,40.535333,0.0004649227983458536
-84.486433,41.321679,0.003169122951664434
-83.766343,40.387553,0.001452400862638088
-84.224018,40.561309,0.00039242189714186053
-81.091565,40.292318,0.00025469595670168737
-84.621248,40.131542,0.0006095121997676234
-81.887194,40.829661,0.0009485684448698982
-84.129879,41.024533,0.00020467237800064325
-82.028397,39.089807,0.0008468834688346884
-82.485961,39.252042,0.0004527960153950645
-83.168803,40.588034,0.0031412347468889696
-84.204142,40.33668,0.0017480740695570867
-83.767604,40.132775,0.0016160799959598
-83.052827,39.648947,0.0006743926029779757
-81.534936,41.121851,0.0004915857521446815
-83.795048,39.429004,0.0016711628906343257
-81.943506,39.966046,0.0005236576907859521
-84.582125,41.118948,0.0004661280298321939
-80.967727,40.017682,0.0011489960646884785
-81.471157,40.447448,0.0003788247773051488
-81.392643,41.924116,0.004104074448433306
-83.783676,39.917032,0.0012680030783889765
-82.483447,39.490342,0.0011242845461978742
-81.724217,41.760392,0.00216026393923142
-84.544187,39.196927,0.00563851686446127
-80.745592,41.906637,0.002442720692336836
-82.627329,39.75262,0.0013219532367516559
-82.483435,40.091505,0.0008108994425066332
-83.478082,38.834468,0.003913135443841218
-82.797729,40.525266,0.0007145306962387105
-83.894894,39.687479,0.0009337694993042502
-81.197042,41.168837,0.0009764969392924059
-82.525897,41.554006,0.002605053017410656
-82.924783,40.848524,0.0017959602556327843
-83.664077,40.660415,0.002053452960131421
-84.124267,41.597264,0.00025838579347928214
-84.585775,40.85552,0.0006263265945231219
-83.007462,40.278941,0.000872022429741484
-82.614142,39.013477,0.0033736550969545925
-83.468903,41.682321,0.0009835293148917775
-80.768701,41.305911,0.0015766406464708803
-83.666034,41.000471,0.001757631822386679
-81.090787,40.579884,0.00020998110170084692
-82.270127,40.843273,0.0034587116299178555
-81.365667,40.814131,0.0013436237853401047
-83.127547,41.119992,0.0015348098441989543
-81.490653,39.450684,0.001610646536296489
-84.584323,41.564958,0.0002930051675456822
-82.179722,41.438805,0.0015484238901580585
-82.594641,41.14508,0.0015347252673120384
-81.497875,40.056665,0.003163047571231329
-83.052909,39.07136,0.0019288093985621604
-84.0689,41.331584,0.0001424247819120527
-81.452512,39.767232,0.00034244229847270736
-82.542781,40.774159,0.001452053677040421
-83.400885,39.896607,0.002698804150574659
-80.778455,40.770073,0.0022356234383512745
-84.644758,39.73881,0.0010985599312205957
-82.301746,38.817046,0.004446463925221512
-81.861697,39.624946,0.00040198311670909824
-84.228413,40.053326,0.0005821681883896257
-83.059581,39.323818,0.001484349790254921
-83.622682,41.360183,0.0007458743823227772
-82.237952,39.743187,0.00075
-82.998675,38.814889,0.0025702361563517914
-84.169906,39.425652,0.0008006994615986379
-84.565734,39.439747,0.00145029504608326
-81.899764,41.116174,0.0007425528853072385
-83.006865,39.969575,0.0014112886369526867
